2 2 0.541854 145.509
2 7 3.17842 134.737
2 12 5.47186 109.826
2 17 7.06571 74.3653
2 22 7.67214 34.4396
2 27 7.29534 -2.79067
2 32 6.25918 -31.7296
2 37 4.98389 -50.049
2 42 3.77342 -58.4009
2 47 2.7661 -59.051
2 52 1.98691 -54.6328
2 57 1.40837 -47.4537
2 62 0.988706 -39.2454
2 67 0.688313 -31.1649
2 72 0.475174 -23.888
2 77 0.324968 -17.7353
2 82 0.219878 -12.7829
2 87 0.146951 -8.95894
2 92 0.096864 -6.11195
2 97 0.0628732 -4.06219
2 102 0.0401348 -2.63154
2 107 0.0251632 -1.66238
2 112 0.0154801 -1.02426
2 117 0.00933492 -0.615702
2 122 0.00551402 -0.361107
2 127 0.00318804 -0.206676
2 132 0.00180316 -0.115429
2 137 0.000997004 -0.0629201
2 142 0.000538376 -0.0334723
2 147 0.000283222 -0.017383
2 152 0.000144059 -0.00881331
2 157 6.89842e-05 -0.00436395
2 162 2.78142e-05 -0.00210559
2 167 3.13523e-06 -0.000974195
2 172 -1.53702e-05 -0.000389068
2 177 -3.44442e-05 -3.09245e-05
2 182 -5.9654e-05 0.000296607
2 187 -9.71208e-05 0.00074498
2 192 -0.000155551 0.00148485
2 197 -0.000248937 0.00275653
2 202 -0.000402124 0.00495431
2 207 -0.000661969 0.00875762
2 212 -0.00112442 0.0154209
2 217 -0.00200328 0.0274185
2 222 -0.00383198 0.050116
2 227 -0.00814754 0.0966773
2 232 -0.0203719 0.20544
2 237 -0.0665001 0.520663
2 242 -0.360983 1.88515
2 247 -7.84471 16.2882

7 2 2.98735 154.529
7 7 17.5661 143.156
7 12 30.3589 116.53
7 17 39.2281 78.0598
7 22 42.2712 34.488
7 27 39.4869 -5.70102
7 32 33.0073 -36.0751
7 37 25.4587 -54.4779
7 42 18.5792 -62.188
7 47 13.0571 -61.9892
7 52 8.93549 -56.7853
7 57 5.99381 -48.974
7 62 3.95495 -40.294
7 67 2.57179 -31.8745
7 72 1.64924 -24.3617
7 77 1.04322 -18.0469
7 82 0.650699 -12.9856
7 87 0.400106 -9.08884
7 92 0.242371 -6.19436
7 97 0.144589 -4.11352
7 102 0.0848802 -2.66322
7 107 0.0490176 -1.68151
7 112 0.0278242 -1.03571
7 117 0.0155209 -0.622392
7 122 0.00850095 -0.36498
7 127 0.00457093 -0.208857
7 132 0.0024103 -0.116647
7 137 0.00124556 -0.0635799
7 142 0.000628559 -0.033828
7 147 0.000306743 -0.0175696
7 152 0.000139106 -0.00891321
7 157 4.84199e-05 -0.00441943
7 162 -8.1986e-06 -0.00214306
7 167 -5.58537e-05 -0.00100803
7 172 -0.000111804 -0.000431633
7 177 -0.000191911 -9.2413e-05
7 182 -0.000315185 0.000200525
7 187 -0.000509414 0.000594129
7 192 -0.000818083 0.00124258
7 197 -0.00131451 0.00236426
7 202 -0.00212702 0.00430066
7 207 -0.00349564 0.00763144
7 212 -0.00589717 0.0133762
7 217 -0.0103599 0.0234373
7 222 -0.019316 0.0415846
7 227 -0.0392301 0.0758308
7 232 -0.0899095 0.144157
7 237 -0.243065 0.284038
7 242 -0.789829 0.488522
7 247 -2.2305 -0.41128

12 2 5.40904 175.419
12 7 32.0611 162.957
12 12 56.2717 132.705
12 17 73.5933 86.9456
12 22 78.9585 33.9609
12 27 72.0907 -13.591
12 32 58.4457 -46.9703
12 37 43.8362 -65.0072
12 42 31.3089 -70.8556
12 47 21.6619 -68.5396
12 52 14.6559 -61.4941
12 57 9.74409 -52.2537
12 62 6.38184 -42.527
12 67 4.12147 -33.3689
12 72 2.62548 -25.346
12 77 1.64935 -18.6864
12 82 1.02153 -13.3948
12 87 0.623371 -9.34719
12 92 0.374659 -6.35479
12 97 0.221611 -4.21181
12 102 0.128962 -2.72232
12 107 0.0737737 -1.71657
12 112 0.041477 -1.05607
12 117 0.0228989 -0.634054
12 122 0.012413 -0.371506
12 127 0.00660073 -0.21246
12 132 0.00344258 -0.118587
12 137 0.00175786 -0.064612
12 142 0.000876203 -0.0343635
12 147 0.000420816 -0.0178474
12 152 0.000185562 -0.00905821
12 157 5.78124e-05 -0.00450339
12 162 -2.41331e-05 -0.0022041
12 167 -9.66151e-05 -0.00107191
12 172 -0.000185257 -0.000517262
12 177 -0.000313963 -0.00022231
12 182 -0.000512516 -1.50561e-06
12 187 -0.000823315 0.000274533
12 192 -0.0013131 0.000735927
12 197 -0.00208981 0.0015489
12 202 -0.00333858 0.00296549
12 207 -0.00538807 0.00537648
12 212 -0.00885742 0.00940781
12 217 -0.0149742 0.0160506
12 222 -0.0263241 0.0268142
12 227 -0.0486346 0.0435734
12 232 -0.0948548 0.0663038
12 237 -0.191156 0.0801663
12 242 -0.355363 0.00660152
12 247 -0.387045 -0.308991

17 2 7.94898 208.8
17 7 47.8822 195.728
17 12 87.01 161.358
17 17 117.693 103.083
17 22 125.823 30.9387
17 27 109.628 -30.2043
17 32 84.018 -66.8752
17 37 60.2706 -82.4801
17 42 41.7495 -84.3603
17 47 28.3055 -78.3467
17 52 18.8886 -68.3706
17 57 12.435 -56.9653
17 62 8.08192 -45.7006
17 67 5.18633 -35.4745
17 72 3.28489 -26.7243
17 77 2.05274 -19.5758
17 82 1.26474 -13.9613
17 87 0.767953 -9.70242
17 92 0.45919 -6.57448
17 97 0.270276 -4.34537
17 102 0.156467 -2.80234
17 107 0.0890687 -1.7636
17 112 0.0498123 -1.08331
17 117 0.0273659 -0.649496
17 122 0.014755 -0.380129
17 127 0.00780775 -0.217166
17 132 0.00404977 -0.121117
17 137 0.00205752 -0.06594
17 142 0.00101917 -0.035053
17 147 0.000485722 -0.0182002
17 152 0.000210348 -0.00924398
17 157 6.0089e-05 -0.00461107
17 162 -3.83425e-05 -0.00228579
17 167 -0.000128116 -0.00115909
17 172 -0.000239847 -0.000637149
17 177 -0.000402819 -0.000402741
17 182 -0.000652483 -0.000282333
17 187 -0.0010397 -0.00016311
17 192 -0.00164042 4.94341e-05
17 197 -0.00257521 0.00046743
17 202 -0.00403769 0.00123754
17 207 -0.00635322 0.00256303
17 212 -0.0100791 0.00469831
17 217 -0.0161983 0.00789815
17 222 -0.0264435 0.0121742
17 227 -0.0437343 0.0164935
17 232 -0.0720551 0.0164761
17 237 -0.112382 -0.000540322
17 242 -0.145137 -0.0572736
17 247 -0.106194 -0.150767

22 2 10.2025 254.552
22 7 63.0414 243.559
22 12 122.378 209.833
22 17 181.436 134.483
22 22 195.212 18.9136
22 27 152.971 -64.9967
22 32 106.711 -99.7844
22 37 72.2089 -107.58
22 42 48.3019 -102.248
22 47 32.035 -90.7369
22 52 21.0592 -76.8127
22 57 13.7086 -62.6455
22 62 8.82855 -49.4775
22 67 5.61982 -37.9571
22 72 3.53333 -28.336
22 77 2.19232 -20.6093
22 82 1.34164 -14.6147
22 87 0.809139 -10.11
22 92 0.480702 -6.82478
22 97 0.281076 -4.49686
22 102 0.161713 -2.89242
22 107 0.0914645 -1.81636
22 112 0.0508508 -1.11361
22 117 0.0277625 -0.66663
22 122 0.0148856 -0.389613
22 127 0.00782935 -0.222333
22 132 0.00403958 -0.123869
22 137 0.00203985 -0.0673839
22 142 0.00100439 -0.0357952
22 147 0.000473846 -0.0185813
22 152 0.00020029 -0.0094438
22 157 4.9161e-05 -0.00472972
22 162 -5.29801e-05 -0.0023779
22 167 -0.000149967 -0.00126116
22 172 -0.000273601 -0.000777812
22 177 -0.000454171 -0.000615151
22 182 -0.00072912 -0.000608249
22 187 -0.00114939 -0.000665762
22 192 -0.00179029 -0.000722371
22 197 -0.00276285 -0.000720348
22 202 -0.00423715 -0.00059542
22 207 -0.00647136 -0.000289606
22 212 -0.00986284 0.000215953
22 217 -0.015001 0.000792554
22 222 -0.0226944 0.000922169
22 227 -0.0337739 -0.000807429
22 232 -0.0481638 -0.00748049
22 237 -0.0622006 -0.0240563
22 242 -0.064535 -0.0536222
22 247 -0.0391898 -0.0862636

27 2 11.2353 309.147
27 7 71.1505 305.409
27 12 150.014 289.966
27 17 278.623 222.981
27 22 322.162 -42.7502
27 27 189.575 -137.256
27 32 117.689 -147.774
27 37 75.6082 -138.878
27 42 49.1522 -122.904
27 47 31.987 -104.457
27 52 20.7206 -85.926
27 57 13.3182 -68.6705
27 62 8.47625 -53.4311
27 67 5.33461 -40.5262
27 72 3.3162 -29.9875
27 77 2.03472 -21.6576
27 82 1.23111 -15.2717
27 87 0.734213 -10.5159
27 92 0.43122 -7.07195
27 97 0.249356 -4.64495
27 102 0.141834 -2.97982
27 107 0.0793529 -1.86702
27 112 0.0436237 -1.14251
27 117 0.0235688 -0.682796
27 122 0.0124994 -0.398512
27 127 0.00650924 -0.227127
27 132 0.00332276 -0.126411
27 137 0.0016614 -0.0687032
27 142 0.000807823 -0.0364725
27 147 0.00037407 -0.0189264
27 152 0.000149534 -0.00962715
27 157 2.24447e-05 -0.00484116
27 162 -6.91651e-05 -0.00246994
27 167 -0.000162816 -0.00136696
27 172 -0.000286743 -0.000926797
27 177 -0.000469378 -0.000838397
27 182 -0.000744983 -0.000948354
27 187 -0.00116066 -0.00118018
27 192 -0.00178096 -0.00149665
27 197 -0.0026981 -0.00187608
27 202 -0.00403901 -0.00231327
27 207 -0.00597987 -0.00282806
27 212 -0.00874833 -0.00350783
27 217 -0.0126121 -0.00458118
27 222 -0.0177865 -0.00655232
27 227 -0.0241786 -0.0103642
27 232 -0.0307943 -0.0174255
27 237 -0.034867 -0.0289925
27 242 -0.0316724 -0.0441981
27 247 -0.0174445 -0.0576584

32 2 10.5578 364.722
32 7 66.8894 371.166
32 12 141.337 390.859
32 17 265.508 459.662
32 22 294.265 -339.119
32 27 172.005 -239.424
32 32 106.043 -201.139
32 37 67.4791 -171.03
32 42 43.3455 -143.36
32 47 27.8146 -117.744
32 52 17.7364 -94.6009
32 57 11.2044 -74.3195
32 62 6.99952 -57.0836
32 67 4.31804 -42.8655
32 72 2.62834 -31.4683
32 77 1.57695 -22.5835
32 82 0.932186 -15.8426
32 87 0.542417 -10.863
32 92 0.310628 -7.27966
32 97 0.174901 -4.7674
32 102 0.0968387 -3.05076
32 107 0.0526631 -1.90748
32 112 0.028144 -1.16515
32 117 0.014759 -0.695264
32 122 0.00760192 -0.405237
32 127 0.00383804 -0.230698
32 132 0.00190095 -0.128267
32 137 0.000918921 -0.0696546
32 142 0.000429793 -0.0369521
32 147 0.000185309 -0.0191709
32 152 5.7896e-05 -0.00975895
32 157 -2.0669e-05 -0.004928
32 162 -8.78022e-05 -0.00254975
32 167 -0.000168072 -0.00146711
32 172 -0.00028244 -0.0010711
32 177 -0.000453654 -0.00105572
32 182 -0.000711128 -0.00127461
32 187 -0.0010931 -0.00166619
32 192 -0.00165176 -0.00220952
32 197 -0.00245396 -0.00290896
32 202 -0.00358612 -0.00378622
32 207 -0.0051485 -0.00489341
32 212 -0.00724669 -0.00633247
32 217 -0.00994933 -0.00829636
32 222 -0.0132067 -0.0111087
32 227 -0.0166802 -0.0152289
32 232 -0.0195124 -0.0211139
32 237 -0.0201768 -0.028784
32 242 -0.0168637 -0.0371223
32 247 -0.00879273 -0.0435421

37 2 7.70988 411.088
37 7 47.6849 423.853
37 12 92.4917 459.382
37 17 134.87 530.42
37 22 141.847 -386.746
37 27 110.862 -300.347
37 32 75.6313 -241.553
37 37 49.4586 -197.166
37 42 31.6746 -160.341
37 47 19.9508 -128.776
37 52 12.3618 -101.728
37 57 7.52954 -78.882
37 62 4.50234 -59.9703
37 67 2.63959 -44.6673
37 72 1.51431 -32.5767
37 77 0.848677 -23.2544
37 82 0.463294 -16.242
37 87 0.245757 -11.0964
37 92 0.126052 -7.41369
37 97 0.0622396 -4.84279
37 102 0.029283 -3.09236
37 107 0.0129772 -1.92991
37 112 0.00525715 -1.17701
37 117 0.00184364 -0.701379
37 122 0.000450574 -0.408327
37 127 -3.25914e-05 -0.232216
37 132 -0.000153889 -0.128999
37 137 -0.00014624 -0.0699981
37 142 -0.000111363 -0.037114
37 147 -8.2327e-05 -0.0192506
37 152 -7.06783e-05 -0.0098081
37 157 -7.86839e-05 -0.00497263
37 162 -0.000109283 -0.00260748
37 167 -0.000168047 -0.00155245
37 172 -0.000264929 -0.00120163
37 177 -0.000415614 -0.00125297
37 182 -0.000641752 -0.0015688
37 187 -0.000973222 -0.00209557
37 192 -0.00144712 -0.00282527
37 197 -0.0021098 -0.00377233
37 202 -0.00301141 -0.00496984
37 207 -0.00420189 -0.00646823
37 212 -0.00570989 -0.00834708
37 217 -0.00751445 -0.0107226
37 222 -0.00948393 -0.0137489
37 227 -0.0113053 -0.0175796
37 232 -0.0124164 -0.0222531
37 237 -0.0120574 -0.02749
37 242 -0.0095503 -0.0324864
37 247 -0.00482684 -0.0359795

42 2 4.32323 441.23
42 7 26.1116 455.519
42 12 47.4666 491.117
42 17 63.1757 547.939
42 22 65.8932 -394.218
42 27 55.8632 -324.457
42 32 40.2868 -264.214
42 37 26.3857 -213.952
42 42 16.202 -171.763
42 47 9.42198 -136.217
42 52 5.17419 -106.429
42 57 2.6409 -81.7716
42 62 1.20533 -61.6991
42 67 0.439586 -45.6714
42 72 0.065432 -33.1403
42 77 -0.0925 -23.558
42 82 -0.138545 -16.3971
42 87 -0.13313 -11.1701
42 92 -0.108305 -7.44485
42 97 -0.0802822 -4.85322
42 102 -0.0557411 -3.09362
42 107 -0.0368427 -1.92784
42 112 -0.0233415 -1.17424
42 117 -0.014269 -0.698961
42 122 -0.00843267 -0.406527
42 127 -0.00483679 -0.231002
42 132 -0.00269366 -0.12823
42 137 -0.00146258 -0.0695396
42 142 -0.000777157 -0.0368541
42 147 -0.000411425 -0.0191142
42 152 -0.00022754 -0.00974734
42 157 -0.000148509 -0.00496157
42 162 -0.000133483 -0.00263445
42 167 -0.000164823 -0.00161709
42 172 -0.000239432 -0.00131113
42 177 -0.00036386 -0.0014225
42 182 -0.000552644 -0.0018193
42 187 -0.000825831 -0.00245591
42 192 -0.00120938 -0.00332897
42 197 -0.00173089 -0.00445828
42 202 -0.00241799 -0.00587374
42 207 -0.00328687 -0.00761428
42 212 -0.00433193 -0.00972401
42 217 -0.00549936 -0.0122513
42 222 -0.00666314 -0.0152339
42 227 -0.00759337 -0.0186652
42 232 -0.00796108 -0.022431
42 237 -0.00739801 -0.0262285
42 242 -0.00565734 -0.0295321
42 247 -0.00281302 -0.0316809

47 2 1.13818 454.747
47 7 6.84429 469.003
47 12 12.197 502.82
47 17 15.5839 553.187
47 22 15.3751 -396.662
47 27 11.7756 -333.453
47 32 6.54582 -274.118
47 37 1.97014 -221.792
47 42 -1.04785 -177.036
47 47 -2.59623 -139.395
47 52 -3.10566 -108.158
47 57 -2.99969 -82.5919
47 62 -2.59374 -61.9944
47 67 -2.08714 -45.6913
47 72 -1.59345 -33.0355
47 77 -1.16593 -23.4134
47 82 -0.823052 -16.256
47 87 -0.56253 -11.051
47 92 -0.373362 -7.35251
47 97 -0.240962 -4.78592
47 102 -0.15147 -3.04687
47 107 -0.0927714 -1.89666
47 112 -0.0554247 -1.15417
47 117 -0.0322944 -0.686458
47 122 -0.0183693 -0.398974
47 127 -0.0101957 -0.226572
47 132 -0.00552781 -0.125705
47 137 -0.00292726 -0.0681403
47 142 -0.00151853 -0.0361018
47 147 -0.000776638 -0.0187249
47 152 -0.000401555 -0.0095586
47 157 -0.000225368 -0.00488496
47 162 -0.000159521 -0.0026255
47 167 -0.000160381 -0.0016568
47 172 -0.000210261 -0.00139656
47 177 -0.000306854 -0.00156006
47 182 -0.000456665 -0.00202317
47 187 -0.000672611 -0.00274425
47 192 -0.000969953 -0.00372391
47 197 -0.00136523 -0.00498022
47 202 -0.00186944 -0.00653805
47 207 -0.00248413 -0.00841914
47 212 -0.00318815 -0.0106382
47 217 -0.00392906 -0.0131932
47 222 -0.00460645 -0.0160539
47 227 -0.00507156 -0.0191396
47 232 -0.00513719 -0.0222903
47 237 -0.00462885 -0.0252459
47 242 -0.0034592 -0.0276533
47 247 -0.0017105 -0.0291379

52 2 -1.80068 453.038
52 7 -10.5156 467.607
52 12 -18.0067 501.766
52 17 -23.3699 551.895
52 22 -26.3083 -398.513
52 27 -26.9284 -335.441
52 32 -25.3342 -275.378
52 37 -22.3365 -221.956
52 42 -18.7244 -176.285
52 47 -15.0796 -138.107
52 52 -11.7467 -106.675
52 57 -8.89065 -81.1466
52 62 -6.55538 -60.7151
52 67 -4.71729 -44.6306
52 72 -3.31594 -32.1988
52 77 -2.27861 -22.7796
52 82 -1.53094 -15.7925
52 87 -1.00608 -10.7225
52 92 -0.646592 -7.12654
52 97 -0.406492 -4.6347
52 102 -0.249903 -2.94838
52 107 -0.150271 -1.83415
52 112 -0.088348 -1.11551
52 117 -0.0507968 -0.663141
52 122 -0.0285494 -0.385263
52 127 -0.0156896 -0.218703
52 132 -0.00842743 -0.121302
52 137 -0.00442729 -0.0657367
52 142 -0.00227608 -0.0348245
52 147 -0.00115024 -0.0180659
52 152 -0.000579056 -0.00923339
52 157 -0.000303737 -0.00473865
52 162 -0.000185933 -0.00257812
52 167 -0.000155788 -0.0016705
52 172 -0.000181188 -0.00145679
52 177 -0.000250599 -0.00166614
52 182 -0.000364262 -0.00218157
52 187 -0.000527971 -0.00296642
52 192 -0.00075076 -0.00402172
52 197 -0.00104 -0.00536426
52 202 -0.00139966 -0.00701073
52 207 -0.00182273 -0.00896978
52 212 -0.0022882 -0.0112324
52 217 -0.00275129 -0.0137656
52 222 -0.00314317 -0.0165016
52 227 -0.00336942 -0.0193283
52 232 -0.00332801 -0.0220807
52 237 -0.00293412 -0.0245403
52 242 -0.00216173 -0.026457
52 247 -0.00107217 -0.0275923

57 2 -4.73271 436.789
57 7 -27.8496 452.475
57 12 -48.2026 489.703
57 17 -62.3225 545.054
57 22 -67.9394 -400.502
57 27 -65.4513 -332.194
57 32 -56.8695 -269.201
57 37 -46.1875 -214.935
57 42 -35.9306 -169.639
57 47 -27.1434 -132.362
57 52 -20.0503 -101.966
57 57 -14.5258 -77.4249
57 62 -10.3332 -57.8566
57 67 -7.21868 -42.4897
57 72 -4.95164 -30.6322
57 77 -3.33348 -21.6592
57 82 -2.20167 -15.0088
57 87 -1.42584 -10.1867
57 92 -0.905165 -6.76826
57 97 -0.56298 -4.40057
57 102 -0.342992 -2.79878
57 107 -0.204591 -1.74076
57 112 -0.119471 -1.05852
57 117 -0.068267 -0.629178
57 122 -0.0381705 -0.365479
57 127 -0.0208747 -0.207453
57 132 -0.0111673 -0.11505
57 137 -0.0058424 -0.0623469
57 142 -0.00299175 -0.0330301
57 147 -0.00150251 -0.0171423
57 152 -0.00074662 -0.00877387
57 157 -0.000377525 -0.0045239
57 162 -0.000210785 -0.00249321
57 167 -0.00015164 -0.00165883
57 172 -0.000154356 -0.00149348
57 177 -0.000199585 -0.00174303
57 182 -0.000281442 -0.00229993
57 187 -0.000401307 -0.00313122
57 192 -0.000562529 -0.00423943
57 197 -0.000768563 -0.0056382
57 202 -0.00101809 -0.00733878
57 207 -0.00130373 -0.00933835
57 212 -0.001606 -0.0116131
57 217 -0.00189336 -0.0141104
57 222 -0.00211857 -0.016744
57 227 -0.00222585 -0.0193902
57 232 -0.00215771 -0.0218893
57 237 -0.00187455 -0.0240551
57 242 -0.00137026 -0.0256941
57 247 -0.00068725 -0.0266387

62 2 -7.84504 405.464
62 7 -46.7222 422.548
62 12 -82.824 464.938
62 17 -108.965 531.772
62 22 -117.344 -401.779
62 27 -108.348 -321.71
62 32 -89.1865 -254.147
62 37 -69.0287 -200.161
62 42 -51.6753 -157.05
62 47 -37.8816 -122.311
62 52 -27.3226 -94.221
62 57 -19.4174 -71.5947
62 62 -13.596 -53.5501
62 67 -9.37433 -39.3635
62 72 -6.3594 -28.4027
62 77 -4.24141 -20.0974
62 82 -2.77885 -13.9354
62 87 -1.78736 -9.4631
62 92 -1.12786 -6.29039
62 97 -0.697906 -4.09136
62 102 -0.423244 -2.60299
62 107 -0.25148 -1.6194
62 112 -0.146327 -0.984975
62 117 -0.0833619 -0.585565
62 122 -0.046478 -0.340211
62 127 -0.0253585 -0.193135
62 132 -0.0135343 -0.107128
62 137 -0.00706692 -0.0580615
62 142 -0.0036102 -0.0307689
62 147 -0.00180739 -0.0159782
62 152 -0.000891322 -0.00819312
62 157 -0.000441196 -0.004247
62 162 -0.000232017 -0.00237437
62 167 -0.000147739 -0.00162453
62 172 -0.000131108 -0.00150927
62 177 -0.000155802 -0.00179509
62 182 -0.000211704 -0.00238452
62 187 -0.000296059 -0.00324969
62 192 -0.000409581 -0.00439371
62 197 -0.000552193 -0.00582889
62 202 -0.000721904 -0.00756123
62 207 -0.000910792 -0.00958101
62 212 -0.00110506 -0.0118541
62 217 -0.00128167 -0.0143172
62 222 -0.00141151 -0.0168747
62 227 -0.0014601 -0.0193997
62 232 -0.00139691 -0.0217401
62 237 -0.00120185 -0.0237299
62 242 -0.000876657 -0.0252091
62 247 -0.000448075 -0.0260454

67 2 -10.9629 358.299
67 7 -66.7204 375.147
67 12 -124.752 421.096
67 17 -174.672 507.298
67 22 -186.838 -398.526
67 27 -159.217 -296.519
67 32 -121.081 -226.294
67 37 -88.9323 -176.564
67 42 -64.4368 -138.634
67 47 -46.2511 -108.398
67 52 -32.8813 -83.8855
67 57 -23.1229 -64.0143
67 62 -16.0607 -48.0576
67 67 -11.0024 -35.4364
67 72 -7.42449 -25.635
67 77 -4.92962 -18.178
67 82 -3.21757 -12.6268
67 87 -2.0627 -8.58718
67 92 -1.29794 -5.71509
67 97 -0.801106 -3.7211
67 102 -0.48478 -2.36945
67 107 -0.287467 -1.47525
67 112 -0.166986 -0.897846
67 117 -0.0949788 -0.534077
67 122 -0.0528853 -0.310435
67 127 -0.0288165 -0.176312
67 132 -0.0153636 -0.0978302
67 137 -0.00801272 -0.0530445
67 142 -0.00408883 -0.0281224
67 147 -0.002043 -0.0146175
67 152 -0.00100316 -0.00751202
67 157 -0.000490005 -0.00391912
67 162 -0.000247728 -0.00222737
67 167 -0.000143676 -0.00157142
67 172 -0.000111577 -0.00150795
67 177 -0.000120107 -0.00182683
67 182 -0.000155499 -0.00244246
67 187 -0.000212822 -0.00333197
67 192 -0.000290254 -0.00450033
67 197 -0.000386919 -0.00595837
67 202 -0.000499699 -0.00770936
67 207 -0.000623004 -0.00973828
67 212 -0.000746094 -0.0120053
67 217 -0.000854556 -0.0144409
67 222 -0.0009292 -0.0169452
67 227 -0.000950591 -0.0193912
67 232 -0.000900994 -0.0216326
67 237 -0.000771378 -0.023517
67 242 -0.000564083 -0.0249023
67 247 -0.000296382 -0.0256763

72 2 -13.2379 296.988
72 7 -82.5702 308.737
72 12 -167.319 344.029
72 17 -283.831 443.644
72 22 -310.944 -368.149
72 27 -212.781 -237.738
72 32 -145.455 -181.356
72 37 -101.943 -144.335
72 42 -72.2062 -115.454
72 47 -51.2065 -91.6222
72 52 -36.1509 -71.7273
72 57 -25.3112 -55.2303
72 62 -17.528 -41.7572
72 67 -11.9813 -30.9632
72 72 -8.07106 -22.4999
72 77 -5.35139 -16.0126
72 82 -3.48857 -11.1558
72 87 -2.23411 -7.60523
72 92 -1.40444 -5.07196
72 97 -0.866132 -3.30791
72 102 -0.523718 -2.10944
72 107 -0.310353 -1.31493
72 112 -0.180161 -0.801142
72 117 -0.102418 -0.476967
72 122 -0.0569958 -0.277469
72 127 -0.0310427 -0.15769
72 132 -0.0165424 -0.0875562
72 137 -0.00862409 -0.0474999
72 142 -0.00439815 -0.025202
72 147 -0.00219548 -0.0131144
72 152 -0.00107513 -0.00675935
72 157 -0.000520822 -0.00355394
72 162 -0.000256498 -0.00205979
72 167 -0.000138766 -0.00150413
72 172 -9.55363e-05 -0.00149342
72 177 -9.1927e-05 -0.00184304
72 182 -0.000112143 -0.00248
72 187 -0.000149329 -0.00338742
72 192 -0.000200846 -0.00457202
72 197 -0.000264683 -0.00604459
72 202 -0.000338523 -0.00780617
72 207 -0.00041758 -0.009839
72 212 -0.000495161 -0.0120994
72 217 -0.000561263 -0.0145148
72 222 -0.000604795 -0.0169834
72 227 -0.000613628 -0.0193789
72 232 -0.000578593 -0.0215593
72 237 -0.000494673 -0.0233802
72 242 -0.000364626 -0.0247103
72 247 -0.000198677 -0.0254472

77 2 -13.4213 228.984
77 7 -84.128 231.181
77 12 -173.905 233.263
77 17 -325.5 206.842
77 22 -386.515 -86.58
77 27 -224.738 -134.87
77 32 -149.163 -124.399
77 37 -103.786 -107.579
77 42 -73.4248 -90.1186
77 47 -52.1161 -73.6321
77 52 -36.8498 -58.8023
77 57 -25.843 -45.9316
77 62 -17.9237 -35.1
77 67 -12.2679 -26.2416
77 72 -8.27336 -19.1918
77 77 -5.49047 -13.7289
77 82 -3.58189 -9.60442
77 87 -2.29519 -6.5701
77 92 -1.44353 -4.39391
77 97 -0.890555 -2.87255
77 102 -0.538648 -1.83541
77 107 -0.319268 -1.1461
77 112 -0.185372 -0.699265
77 117 -0.105393 -0.416854
77 122 -0.0586586 -0.242752
77 127 -0.0319503 -0.138099
77 132 -0.0170273 -0.0767397
77 137 -0.00887674 -0.0416688
77 142 -0.00452669 -0.0221278
77 147 -0.00225865 -0.0115336
77 152 -0.00110441 -0.00596579
77 157 -0.000532178 -0.00316775
77 162 -0.000257549 -0.00187966
77 167 -0.000132512 -0.0014276
77 172 -8.2264e-05 -0.00146961
77 177 -7.03689e-05 -0.00184789
77 182 -7.96913e-05 -0.00250275
77 187 -0.000102701 -0.00342342
77 192 -0.000135852 -0.00461915
77 197 -0.000177278 -0.00610077
77 202 -0.000224615 -0.00786854
77 207 -0.000274882 -0.00990271
77 212 -0.000323169 -0.0121578
77 217 -0.000363683 -0.0145592
77 222 -0.000389156 -0.0170045
77 227 -0.000393032 -0.0193683
77 232 -0.00036969 -0.0215114
77 237 -0.000317056 -0.0232943
77 242 -0.000236722 -0.0245913
77 247 -0.000135119 -0.0253064

82 2 -11.5829 165.547
82 7 -71.1567 160.75
82 12 -137.089 142.994
82 17 -204.507 92.2645
82 22 -222.333 0.936792
82 27 -177.064 -57.6711
82 32 -129.957 -74.4956
82 37 -94.3611 -73.6701
82 42 -68.3113 -66.1549
82 47 -49.1956 -56.3534
82 52 -35.1372 -46.2553
82 57 -24.8257 -36.8315
82 62 -17.3163 -28.545
82 67 -11.9051 -21.5693
82 72 -8.05731 -15.906
82 77 -5.36249 -11.4532
82 82 -3.50662 -8.05505
82 87 -2.25131 -5.53398
82 92 -1.4182 -3.71437
82 97 -0.876106 -2.4355
82 102 -0.530507 -1.56016
82 107 -0.314743 -0.976274
82 112 -0.182893 -0.59678
82 117 -0.104056 -0.356308
82 122 -0.0579491 -0.207792
82 127 -0.0315801 -0.118347
82 132 -0.0168374 -0.0658405
82 137 -0.00878099 -0.0357856
82 142 -0.00447904 -0.0190283
82 147 -0.00223489 -0.00993711
82 152 -0.00109197 -0.00516457
82 157 -0.000524449 -0.00277613
82 162 -0.000250885 -0.00169545
82 167 -0.000124543 -0.00134653
82 172 -7.11262e-05 -0.00144007
82 177 -5.40896e-05 -0.00184503
82 182 -5.61757e-05 -0.00251513
82 187 -6.93837e-05 -0.00344596
82 192 -9.01519e-05 -0.0046493
82 197 -0.000116359 -0.00613679
82 202 -0.000146383 -0.0079081
82 207 -0.000177837 -0.00994268
82 212 -0.0002079 -0.0121938
82 217 -0.000232613 -0.014586
82 222 -0.000248004 -0.0170166
82 227 -0.000249869 -0.0193608
82 232 -0.000235412 -0.0214814
82 237 -0.000203248 -0.0232413
82 242 -0.000154713 -0.0245189
82 247 -9.33898e-05 -0.0252207

87 2 -8.81896 114.376
87 7 -52.8877 107.948
87 12 -95.5103 89.7835
87 17 -129.266 55.9948
87 22 -140.034 12.0316
87 27 -125.961 -23.4822
87 32 -101.946 -41.9456
87 37 -78.5442 -47.6621
87 42 -58.9737 -46.2385
87 47 -43.498 -41.325
87 52 -31.5878 -35.0263
87 57 -22.5896 -28.5294
87 62 -15.9011 -22.4816
87 67 -11.0101 -17.2038
87 72 -7.49361 -12.8117
87 77 -5.01005 -9.2975
87 82 -3.28832 -6.58009
87 87 -2.11767 -4.54414
87 92 -1.33743 -3.06295
87 97 -0.828004 -2.01564
87 102 -0.502294 -1.29505
87 107 -0.298475 -0.812514
87 112 -0.173672 -0.497749
87 117 -0.098926 -0.297769
87 122 -0.0551469 -0.173931
87 127 -0.03008 -0.0992146
87 132 -0.0160497 -0.0552651
87 137 -0.00837593 -0.0300789
87 142 -0.00427466 -0.0160166
87 147 -0.00213371 -0.0083866
87 152 -0.00104229 -0.00438461
87 157 -0.000499639 -0.00239454
87 162 -0.000237189 -0.00151452
87 167 -0.000114862 -0.00126528
87 172 -6.14652e-05 -0.00140781
87 177 -4.19383e-05 -0.00183737
87 182 -3.94661e-05 -0.00252063
87 187 -4.63099e-05 -0.00345938
87 192 -5.87985e-05 -0.00466816
87 197 -7.51295e-05 -0.00615943
87 202 -9.38147e-05 -0.00793293
87 207 -0.000113444 -0.00996754
87 212 -0.000131988 -0.012216
87 217 -0.000147295 -0.0146024
87 222 -0.000156735 -0.0170239
87 227 -0.000158136 -0.0193563
87 232 -0.000149654 -0.0214632
87 237 -0.000130769 -0.0232097
87 242 -0.000102087 -0.0244755
87 247 -6.58034e-05 -0.0251695

92 2 -6.23945 76.9815
92 7 -36.8443 71.648
92 12 -64.3538 58.2816
92 17 -84.4024 37.2708
92 22 -92.3408 12.5338
92 27 -87.8885 -9.09749
92 32 -75.8929 -23.2286
92 37 -61.6008 -29.9091
92 42 -48.0432 -31.2165
92 47 -36.4188 -29.2714
92 52 -26.9826 -25.653
92 57 -19.5886 -21.4066
92 62 -13.9492 -17.1776
92 67 -9.74653 -13.329
92 72 -6.68193 -10.0355
92 77 -4.49368 -7.34657
92 82 -2.96373 -5.23656
92 87 -1.91629 -3.63737
92 92 -1.21435 -2.46379
92 97 -0.753938 -1.62791
92 102 -0.458487 -1.04962
92 107 -0.273006 -0.660447
92 112 -0.159143 -0.40565
92 117 -0.0907897 -0.243192
92 122 -0.050682 -0.142337
92 127 -0.0276768 -0.0813243
92 132 -0.0147835 -0.0453739
92 137 -0.00772199 -0.0247306
92 142 -0.00394425 -0.0131946
92 147 -0.00196991 -0.00693075
92 152 -0.000962546 -0.00365241
92 157 -0.000460946 -0.00203515
92 162 -0.000217789 -0.00134358
92 167 -0.00010369 -0.00118732
92 172 -5.28926e-05 -0.00137534
92 177 -3.28194e-05 -0.00182717
92 182 -2.78635e-05 -0.00252181
92 187 -3.06798e-05 -0.00346691
92 192 -3.79208e-05 -0.00467963
92 197 -4.78421e-05 -0.00617347
92 202 -5.94108e-05 -0.00794833
92 207 -7.15184e-05 -0.00998295
92 212 -8.30603e-05 -0.0122297
92 217 -9.25634e-05 -0.0146126
92 222 -9.86654e-05 -0.0170287
92 227 -9.99194e-05 -0.0193539
92 232 -9.54432e-05 -0.0214529
92 237 -8.47764e-05 -0.0231913
92 242 -6.83823e-05 -0.0244502
92 247 -4.73871e-05 -0.0251393

97 2 -4.25549 51.0701
97 7 -24.9468 47.3201
97 12 -43.0006 38.4293
97 17 -55.9789 25.4008
97 22 -61.9944 10.5743
97 27 -61.0109 -2.92583
97 32 -54.9724 -12.808
97 37 -46.455 -18.4814
97 42 -37.4671 -20.5838
97 47 -29.1666 -20.1763
97 52 -22.0625 -18.2597
97 57 -16.2795 -15.6091
97 62 -11.7428 -12.7592
97 67 -8.29005 -10.0455
97 72 -5.73105 -7.65114
97 77 -3.88081 -5.65389
97 82 -2.57408 -4.06093
97 87 -1.67233 -2.83888
97 92 -1.064 -1.93311
97 97 -0.662875 -1.28311
97 102 -0.40428 -0.830435
97 107 -0.241347 -0.524287
97 112 -0.140991 -0.322915
97 117 -0.0805916 -0.194086
97 122 -0.0450625 -0.113833
97 127 -0.0246456 -0.0651693
97 132 -0.0131809 -0.0364207
97 137 -0.00689325 -0.0198882
97 142 -0.00352432 -0.0106337
97 147 -0.00176184 -0.00560973
97 152 -0.000861332 -0.00298641
97 157 -0.000412447 -0.00170816
97 162 -0.000194342 -0.00118728
97 167 -9.15506e-05 -0.00111547
97 172 -4.51504e-05 -0.00134442
97 177 -2.59728e-05 -0.00181607
97 182 -1.992e-05 -0.0025205
97 187 -2.04096e-05 -0.00347073
97 192 -2.43528e-05 -0.00468642
97 197 -3.03065e-05 -0.00618205
97 202 -3.7367e-05 -0.00795784
97 207 -4.48809e-05 -0.0099925
97 212 -5.20521e-05 -0.0122383
97 217 -5.81213e-05 -0.0146191
97 222 -6.21668e-05 -0.0170319
97 227 -6.34725e-05 -0.019353
97 232 -6.14024e-05 -0.0214473
97 237 -5.57804e-05 -0.0231811
97 242 -4.67501e-05 -0.0244358
97 247 -3.49723e-05 -0.025122

102 2 -2.85256 33.57
102 7 -16.6803 31.1107
102 12 -28.6525 25.4245
102 17 -37.3527 17.3255
102 22 -41.8583 8.19479
102 27 -42.1492 -0.345734
102 32 -39.1143 -7.02747
102 37 -34.0746 -11.3173
102 42 -28.2556 -13.3466
102 47 -22.524 -13.6081
102 52 -17.3769 -12.6842
102 57 -13.0307 -11.0933
102 62 -9.52461 -9.23316
102 67 -6.79742 -7.37509
102 72 -4.74168 -5.68375
102 77 -3.2349 -4.24062
102 82 -2.15923 -3.07045
102 87 -1.41024 -2.1608
102 92 -0.901342 -1.47981
102 97 -0.563696 -0.986915
102 102 -0.344956 -0.641424
102 107 -0.206519 -0.406373
102 112 -0.120956 -0.251085
102 117 -0.0692881 -0.151308
102 122 -0.0388198 -0.0889628
102 127 -0.0212665 -0.051034
102 132 -0.0113919 -0.0285804
102 137 -0.00596538 -0.0156367
102 142 -0.00305398 -0.00838476
102 147 -0.0015283 -0.00444677
102 152 -0.000747983 -0.00240011
102 157 -0.000358367 -0.00141947
102 162 -0.000168775 -0.00104913
102 167 -7.90757e-05 -0.00105144
102 172 -3.8231e-05 -0.00131634
102 177 -2.08395e-05 -0.00180519
102 182 -1.46546e-05 -0.00251794
102 187 -1.38867e-05 -0.00347237
102 192 -1.58862e-05 -0.00469031
102 197 -1.93713e-05 -0.00618724
102 202 -2.36935e-05 -0.00796369
102 207 -2.83387e-05 -0.00999845
102 212 -3.28842e-05 -0.0122437
102 217 -3.68035e-05 -0.0146233
102 222 -3.96391e-05 -0.0170344
102 227 -4.08911e-05 -0.0193531
102 232 -4.0258e-05 -0.0214447
102 237 -3.75453e-05 -0.0231757
102 242 -3.28566e-05 -0.024428
102 247 -2.64821e-05 -0.0251123

107 2 -1.89471 21.8956
107 7 -11.0764 20.3349
107 12 -19.0402 16.7618
107 17 -24.9329 11.725
107 22 -28.2376 6.041
107 27 -28.9232 0.614643
107 32 -27.4255 -3.82082
107 37 -24.4528 -6.88091
107 42 -20.7373 -8.53906
107 47 -16.8712 -9.01279
107 52 -13.2492 -8.62519
107 57 -10.0878 -7.70333
107 62 -7.46889 -6.52135
107 67 -5.38868 -5.28231
107 72 -3.79355 -4.11804
107 77 -2.60835 -3.10235
107 82 -1.75253 -2.26446
107 87 -1.15116 -1.60467
107 92 -0.739309 -1.10534
107 97 -0.46433 -0.740943
107 102 -0.285172 -0.48362
107 107 -0.171281 -0.30758
107 112 -0.100591 -0.190653
107 117 -0.0577681 -0.115234
107 122 -0.0324335 -0.0679189
107 127 -0.0178037 -0.0390562
107 132 -0.00955272 -0.0219171
107 137 -0.00501071 -0.0120208
107 142 -0.0025688 -0.00646688
107 147 -0.00128755 -0.00345481
107 152 -0.000631069 -0.0018987
107 157 -0.000302937 -0.00117255
107 162 -0.000142936 -0.000930516
107 167 -6.70568e-05 -0.000996289
107 172 -3.22623e-05 -0.0012918
107 177 -1.71728e-05 -0.00179526
107 182 -1.14094e-05 -0.00251495
107 187 -1.00969e-05 -0.00347277
107 192 -1.09658e-05 -0.00469247
107 197 -1.29839e-05 -0.00619035
107 202 -1.5606e-05 -0.0079673
107 207 -1.85169e-05 -0.0100022
107 212 -2.1408e-05 -0.0122472
107 217 -2.40157e-05 -0.0146262
107 222 -2.60217e-05 -0.0170362
107 227 -2.71823e-05 -0.0193536
107 232 -2.72617e-05 -0.0214437
107 237 -2.61696e-05 -0.0231731
107 242 -2.38967e-05 -0.024424
107 247 -2.05957e-05 -0.0251071

112 2 -1.25002 14.1667
112 7 -7.31235 13.1923
112 12 -12.5987 10.9701
112 17 -16.5834 7.84332
112 22 -18.9546 4.29751
112 27 -19.6739 0.855166
112 32 -18.9643 -2.04776
112 37 -17.2161 -4.15309
112 42 -14.8677 -5.39825
112 47 -12.3051 -5.87324
112 52 -9.81564 -5.7532
112 57 -7.57752 -5.23607
112 62 -5.67873 -4.50274
112 67 -4.14014 -3.69526
112 72 -2.94118 -2.91301
112 77 -2.03805 -2.21516
112 82 -1.37867 -1.63001
112 87 -0.910846 -1.16299
112 92 -0.587979 -0.80593
112 97 -0.370901 -0.542984
112 102 -0.228689 -0.356031
112 107 -0.137814 -0.2273
112 112 -0.0811852 -0.141392
112 117 -0.0467436 -0.0857097
112 122 -0.0263084 -0.0506598
112 127 -0.0144709 -0.0291992
112 132 -0.00778042 -0.0164268
112 137 -0.00408814 -0.00903253
112 142 -0.00209995 -0.00488091
112 147 -0.00105457 -0.00263223
112 152 -0.000518314 -0.00148285
112 157 -0.000249764 -0.000967169
112 162 -0.00011866 -0.000831816
112 167 -5.63103e-05 -0.000950152
112 172 -2.75959e-05 -0.0012711
112 177 -1.49695e-05 -0.00178661
112 182 -9.93765e-06 -0.002512
112 187 -8.47473e-06 -0.00347254
112 192 -8.73509e-06 -0.0046936
112 197 -9.85932e-06 -0.0061922
112 202 -1.14475e-05 -0.00796953
112 207 -1.32511e-05 -0.0100045
112 212 -1.51028e-05 -0.0122495
112 217 -1.68153e-05 -0.0146281
112 222 -1.82322e-05 -0.0170376
112 227 -1.9175e-05 -0.0193543
112 232 -1.95263e-05 -0.0214435
112 237 -1.91882e-05 -0.023172
112 242 -1.81523e-05 -0.024422
112 247 -1.64597e-05 -0.0251043

117 2 -0.818911 9.08339
117 7 -4.7952 8.48199
117 12 -8.28391 7.1102
117 17 -10.9586 5.17755
117 22 -12.6231 2.97149
117 27 -13.2419 0.800009
117 32 -12.9296 -1.07518
117 37 -11.9068 -2.48577
117 42 -10.4349 -3.37259
117 47 -8.76171 -3.76928
117 52 -7.08402 -3.76863
117 57 -5.5369 -3.48823
117 62 -4.1956 -3.04251
117 67 -3.08923 -2.52751
117 72 -2.21364 -2.01327
117 77 -1.54572 -1.54491
117 82 -1.05259 -1.14564
117 87 -0.699544 -0.823018
117 92 -0.453882 -0.57367
117 97 -0.287633 -0.388539
117 102 -0.178046 -0.255896
117 107 -0.107685 -0.164043
117 112 -0.0636313 -0.102392
117 117 -0.0367437 -0.0622714
117 122 -0.0207307 -0.0369051
117 127 -0.0114308 -0.0213295
117 132 -0.00615877 -0.0120286
117 137 -0.00324368 -0.0066362
117 142 -0.00167008 -0.00360526
117 147 -0.000841515 -0.00197031
117 152 -0.000415579 -0.00114725
117 157 -0.000202041 -0.000801405
117 162 -9.75732e-05 -0.000751888
117 167 -4.78116e-05 -0.000912739
117 172 -2.47911e-05 -0.00125418
117 177 -1.45748e-05 -0.00177941
117 182 -1.03706e-05 -0.00250934
117 187 -8.97527e-06 -0.00347203
117 192 -8.90137e-06 -0.00469413
117 197 -9.47843e-06 -0.00619327
117 202 -1.03827e-05 -0.00797087
117 207 -1.14511e-05 -0.010006
117 212 -1.25572e-05 -0.0122509
117 217 -1.36042e-05 -0.0146294
117 222 -1.44787e-05 -0.0170386
117 227 -1.50907e-05 -0.0193549
117 232 -1.53452e-05 -0.0214436
117 237 -1.51891e-05 -0.0231715
117 242 -1.45875e-05 -0.0244209
117 247 -1.35543e-05 -0.0251028

122 2 -0.532049 5.76572
122 7 -3.11855 5.39745
122 12 -5.40157 4.55733
122 17 -7.1775 3.36982
122 22 -8.32215 2.00576
122 27 -8.80524 0.646963
122 32 -8.68694 -0.548343
122 37 -8.09207 -1.47303
122 42 -7.17801 -2.08124
122 47 -6.09998 -2.38254
122 52 -4.98976 -2.4258
122 57 -3.9426 -2.27909
122 62 -3.01772 -2.01359
122 67 -2.24213 -1.69137
122 72 -1.6199 -1.36047
122 77 -1.13935 -1.05283
122 82 -0.780966 -0.786652
122 87 -0.521996 -0.568806
122 92 -0.340453 -0.398817
122 97 -0.216722 -0.271473
122 102 -0.134711 -0.179627
122 107 -0.0817646 -0.115601
122 112 -0.0484781 -0.0724236
122 117 -0.0280736 -0.044181
122 122 -0.0158844 -0.0262638
122 127 -0.00878035 -0.0152183
122 132 -0.00474389 -0.00860808
122 137 -0.00250552 -0.00476632
122 142 -0.00129518 -0.00260904
122 147 -0.000656321 -0.0014518
122 152 -0.000327497 -0.000884283
122 157 -0.000162285 -0.000671122
122 162 -8.13688e-05 -0.000689054
122 167 -4.27218e-05 -0.000883199
122 172 -2.47873e-05 -0.00124076
122 177 -1.67483e-05 -0.0017736
122 182 -1.33498e-05 -0.00250708
122 187 -1.20907e-05 -0.00347141
122 192 -1.18184e-05 -0.00469429
122 197 -1.20012e-05 -0.00619381
122 202 -1.23964e-05 -0.00797159
122 207 -1.28725e-05 -0.0100068
122 212 -1.33511e-05 -0.0122517
122 217 -1.3758e-05 -0.0146301
122 222 -1.40327e-05 -0.0170391
122 227 -1.41073e-05 -0.0193551
122 232 -1.39324e-05 -0.0214435
122 237 -1.34624e-05 -0.023171
122 242 -1.26794e-05 -0.0244201
122 247 -1.15805e-05 -0.0251016

127 2 -0.342247 3.61957
127 7 -2.00799 3.39634
127 12 -3.48607 2.88581
127 17 -4.65035 2.16212
127 22 -5.42149 1.32546
127 27 -5.77696 0.483812
127 32 -5.74722 -0.267894
127 37 -5.40436 -0.862368
127 42 -4.84175 -1.26716
127 47 -4.1567 -1.48277
127 52 -3.43409 -1.53427
127 57 -2.73956 -1.46095
127 62 -2.11566 -1.30565
127 67 -1.58508 -1.10796
127 72 -1.15383 -0.89917
127 77 -0.817199 -0.701464
127 82 -0.563601 -0.527801
127 87 -0.378856 -0.384089
127 92 -0.248322 -0.270794
127 97 -0.158807 -0.185275
127 102 -0.0991059 -0.123127
127 107 -0.0603835 -0.0795685
127 112 -0.0359184 -0.0500218
127 117 -0.0208686 -0.0306189
127 122 -0.011842 -0.0182528
127 127 -0.00656714 -0.0106086
127 132 -0.00356006 -0.00601856
127 137 -0.00188922 -0.00334902
127 142 -0.000983221 -0.00185146
127 147 -0.000504307 -0.00105726
127 152 -0.000257206 -0.000683566
127 157 -0.000132912 -0.00057166
127 162 -7.18868e-05 -0.000640918
127 167 -4.26881e-05 -0.000860542
127 172 -2.90648e-05 -0.00123038
127 177 -2.28879e-05 -0.00176903
127 182 -2.01743e-05 -0.00250519
127 187 -1.90322e-05 -0.00347073
127 192 -1.85745e-05 -0.00469416
127 197 -1.83928e-05 -0.00619391
127 202 -1.82891e-05 -0.00797177
127 207 -1.81622e-05 -0.010007
127 212 -1.79426e-05 -0.0122518
127 217 -1.75809e-05 -0.0146301
127 222 -1.70279e-05 -0.0170389
127 227 -1.62472e-05 -0.0193547
127 232 -1.52051e-05 -0.0214428
127 237 -1.38859e-05 -0.02317
127 242 -1.22845e-05 -0.0244188
127 247 -1.04164e-05 -0.0251001

132 2 -0.217632 2.24633
132 7 -1.27788 2.11206
132 12 -2.22316 1.8049
132 17 -2.9754 1.36779
132 22 -3.48493 0.859816
132 27 -3.73503 0.344277
132 32 -3.74175 -0.121873
132 37 -3.54579 -0.497214
132 42 -3.20332 -0.75998
132 47 -2.77362 -0.90768
132 52 -2.31128 -0.9532
132 57 -1.85917 -0.918605
132 62 -1.44734 -0.82963
132 67 -1.09245 -0.710501
132 72 -0.800847 -0.58145
132 77 -0.570808 -0.456946
132 82 -0.396028 -0.346158
132 87 -0.267621 -0.253397
132 92 -0.17629 -0.179642
132 97 -0.113233 -0.123495
132 102 -0.0709625 -0.0824423
132 107 -0.0433944 -0.05348
132 112 -0.0259082 -0.0337467
132 117 -0.0151029 -0.0207206
132 122 -0.00860272 -0.0123919
132 127 -0.00478999 -0.00722264
132 132 -0.00261151 -0.00411346
132 137 -0.00139723 -0.00230262
132 142 -0.000737692 -0.00129162
132 147 -0.000388102 -0.000764745
132 152 -0.000207496 -0.000534691
132 157 -0.000116416 -0.000497641
132 162 -7.16315e-05 -0.000605071
132 167 -5.0113e-05 -0.000843573
132 172 -4.00003e-05 -0.00122255
132 177 -3.53069e-05 -0.00176548
132 182 -3.31032e-05 -0.00250358
132 187 -3.19754e-05 -0.00346997
132 192 -3.12527e-05 -0.00469371
132 197 -3.0609e-05 -0.00619353
132 202 -2.98783e-05 -0.00797134
132 207 -2.89614e-05 -0.0100064
132 212 -2.7793e-05 -0.012251
132 217 -2.63208e-05 -0.0146291
132 222 -2.45084e-05 -0.0170376
132 227 -2.23296e-05 -0.0193531
132 232 -1.97781e-05 -0.0214409
132 237 -1.68633e-05 -0.0231679
132 242 -1.36173e-05 -0.0244163
132 247 -1.00895e-05 -0.0250973

137 2 -0.136592 1.37815
137 7 -0.802644 1.29837
137 12 -1.39878 1.1153
137 17 -1.87746 0.854151
137 22 -2.2074 0.549002
137 27 -2.37749 0.237096
137 32 -2.3954 -0.0479742
137 37 -2.28482 -0.280964
137 42 -2.0785 -0.447819
137 47 -1.81295 -0.545748
137 52 -1.52183 -0.581087
137 57 -1.23318 -0.566317
137 62 -0.966756 -0.516356
137 67 -0.734701 -0.446034
137 72 -0.541983 -0.367796
137 77 -0.388642 -0.291085
137 82 -0.271109 -0.22188
137 87 -0.184165 -0.163374
137 92 -0.121877 -0.11641
137 97 -0.078638 -0.080415
137 102 -0.0494795 -0.0539053
137 107 -0.0303818 -0.03511
137 112 -0.0182084 -0.0222297
137 117 -0.0106612 -0.0136963
137 122 -0.00610222 -0.00821487
137 127 -0.00342134 -0.00480475
137 132 -0.00188418 -0.00274786
137 137 -0.00102574 -0.0015516
137 142 -0.000558053 -0.000888411
137 147 -0.000309799 -0.000553929
137 152 -0.000181188 -0.000427031
137 157 -0.000116235 -0.000444079
137 162 -8.41748e-05 -0.000579005
137 167 -6.86862e-05 -0.000831168
137 172 -6.12804e-05 -0.0012167
137 177 -5.76789e-05 -0.00176267
137 182 -5.57542e-05 -0.0025021
137 187 -5.44651e-05 -0.00346897
137 192 -5.32904e-05 -0.0046928
137 197 -5.19559e-05 -0.00619249
137 202 -5.02969e-05 -0.00797004
137 207 -4.82022e-05 -0.0100048
137 212 -4.55863e-05 -0.012249
137 217 -4.23872e-05 -0.0146266
137 222 -3.8564e-05 -0.0170346
137 227 -3.41049e-05 -0.0193496
137 232 -2.90279e-05 -0.021437
137 237 -2.33868e-05 -0.0231635
137 242 -1.7267e-05 -0.0244116
137 247 -1.07847e-05 -0.0250924

142 2 -0.0845101 0.836881
142 7 -0.496882 0.789865
142 12 -0.867281 0.682024
142 17 -1.1668 0.527619
142 22 -1.37643 0.346481
142 27 -1.48848 0.160046
142 32 -1.50706 -0.0118847
142 37 -1.44526 -0.15425
142 42 -1.32266 -0.258228
142 47 -1.1608 -0.321446
142 52 -0.980699 -0.34706
142 57 -0.799711 -0.34187
142 62 -0.630931 -0.314591
142 67 -0.482358 -0.273912
142 72 -0.357938 -0.227529
142 77 -0.258058 -0.181239
142 82 -0.180975 -0.138998
142 87 -0.123525 -0.102894
142 92 -0.0821378 -0.0736936
142 97 -0.053226 -0.0511322
142 102 -0.0336419 -0.0344251
142 107 -0.0207469 -0.0225038
142 112 -0.0124982 -0.014301
142 117 -0.00736131 -0.00883831
142 122 -0.00424969 -0.00531938
142 127 -0.0024129 -0.0031219
142 132 -0.00135751 -0.00179592
142 137 -0.000766145 -0.00102616
142 142 -0.00044345 -0.000606043
142 147 -0.000271642 -0.000405771
142 152 -0.000182503 -0.000351313
142 157 -0.000137318 -0.000406237
142 162 -0.000114917 -0.000560513
142 167 -0.000103945 -0.000822221
142 172 -9.85083e-05 -0.0012123
142 177 -9.55876e-05 -0.00176031
142 182 -9.36599e-05 -0.00250051
142 187 -9.19395e-05 -0.00346753
142 192 -8.99975e-05 -0.00469115
142 197 -8.75673e-05 -0.00619043
142 202 -8.44582e-05 -0.00796743
142 207 -8.05166e-05 -0.0100015
142 212 -7.56188e-05 -0.012245
142 217 -6.9672e-05 -0.0146217
142 222 -6.26251e-05 -0.0170289
142 227 -5.4476e-05 -0.0193431
142 232 -4.52813e-05 -0.0214296
142 237 -3.5157e-05 -0.0231555
142 242 -2.4278e-05 -0.0244031
142 247 -1.28674e-05 -0.0250835

147 2 -0.0514796 0.504306
147 7 -0.302859 0.476974
147 12 -0.529271 0.414046
147 17 -0.713563 0.323803
147 22 -0.844043 0.217423
147 27 -0.915997 0.107324
147 32 -0.931171 0.00491334
147 37 -0.897203 -0.0808809
147 42 -0.825188 -0.144653
147 47 -0.72816 -0.184695
147 52 -0.618549 -0.20245
147 57 -0.50728 -0.20169
147 62 -0.402417 -0.187285
147 67 -0.309378 -0.164384
147 72 -0.230775 -0.137498
147 77 -0.167257 -0.11024
147 82 -0.117864 -0.0850276
147 87 -0.0808476 -0.0632878
147 92 -0.0540068 -0.0455416
147 97 -0.0351713 -0.0317463
147 102 -0.0223413 -0.0214575
147 107 -0.0138625 -0.0140828
147 112 -0.00841273 -0.0089791
147 117 -0.00500894 -0.00556906
147 122 -0.0029386 -0.00336247
147 127 -0.00171371 -0.00198246
147 132 -0.00100736 -0.00114888
147 137 -0.000610886 -0.000668575
147 142 -0.000393832 -0.00041318
147 147 -0.000278093 -0.000304486
147 152 -0.000217823 -0.000299324
147 157 -0.00018716 -0.000380169
147 162 -0.000171785 -0.000547604
147 167 -0.000164043 -0.000815778
147 172 -0.000159889 -0.00120884
147 177 -0.000157225 -0.00175804
147 182 -0.000154935 -0.00249851
147 187 -0.000152392 -0.00346527
147 192 -0.000149189 -0.00468832
147 197 -0.000145023 -0.00618677
147 202 -0.000139632 -0.00796274
147 207 -0.000132787 -0.00999558
147 212 -0.000124292 -0.0122377
147 217 -0.000114004 -0.014613
147 222 -0.000101847 -0.0170188
147 227 -8.7832e-05 -0.0193315
147 232 -7.20701e-05 -0.0214168
147 237 -5.47763e-05 -0.0231415
147 242 -3.6263e-05 -0.0243883
147 247 -1.69254e-05 -0.0250682

152 2 -0.0308496 0.30327
152 7 -0.181559 0.287471
152 12 -0.317667 0.251146
152 17 -0.428994 0.198854
152 22 -0.508689 0.13701
152 27 -0.553645 0.0726023
152 32 -0.564844 0.0122272
152 37 -0.546357 -0.0389365
152 42 -0.50475 -0.0776335
152 47 -0.447435 -0.102675
152 52 -0.381976 -0.11474
152 57 -0.314794 -0.115806
152 62 -0.251009 -0.108648
152 67 -0.193923 -0.0961596
152 72 -0.145395 -0.0810364
152 77 -0.105884 -0.0653877
152 82 -0.074997 -0.0507395
152 87 -0.0516965 -0.0379632
152 92 -0.0347252 -0.0274577
152 97 -0.022747 -0.0192229
152 102 -0.0145577 -0.0130495
152 107 -0.00911843 -0.00859551
152 112 -0.00561185 -0.00550138
152 117 -0.00341209 -0.00342317
152 122 -0.00207091 -0.00207532
152 127 -0.00127435 -0.00122997
152 132 -0.000814152 -0.000720954
152 137 -0.000554942 -0.000431193
152 142 -0.000412813 -0.000285013
152 147 -0.000336743 -0.00023689
152 152 -0.000297008 -0.000264532
152 157 -0.000276598 -0.000362528
152 162 -0.000266139 -0.000538654
152 167 -0.000260523 -0.000810973
152 172 -0.000257024 -0.00120579
152 177 -0.00025415 -0.00175547
152 182 -0.000251035 -0.00249567
152 187 -0.000247105 -0.00346169
152 192 -0.000241908 -0.0046836
152 197 -0.000235037 -0.0061806
152 202 -0.000226109 -0.00795481
152 207 -0.000214765 -0.00998562
152 212 -0.000200694 -0.0122255
152 217 -0.000183668 -0.0145984
152 222 -0.000163572 -0.0170018
152 227 -0.000140433 -0.0193122
152 232 -0.000114445 -0.0213953
152 237 -8.59738e-05 -0.0231182
152 242 -5.55454e-05 -0.0243637
152 247 -2.38201e-05 -0.0250428

157 2 -0.0181704 0.183721
157 7 -0.106991 0.174682
157 12 -0.18736 0.153806
157 17 -0.253429 0.123715
157 22 -0.301096 0.0879475
157 27 -0.328582 0.0504949
157 32 -0.336214 0.015078
157 37 -0.326375 -0.0152959
157 42 -0.302643 -0.0386926
157 47 -0.269419 -0.0543427
157 52 -0.230981 -0.0625023
157 57 -0.191247 -0.0642409
157 62 -0.15319 -0.0610495
157 67 -0.118937 -0.0545961
157 72 -0.0896028 -0.0463947
157 77 -0.0656013 -0.0377174
157 82 -0.0467146 -0.0294523
157 87 -0.0324062 -0.0221684
157 92 -0.0219234 -0.0161146
157 97 -0.0144979 -0.0113381
157 102 -0.00939476 -0.00772878
157 107 -0.00599517 -0.00511268
157 112 -0.00379343 -0.00328392
157 117 -0.00240887 -0.00205182
157 122 -0.00156126 -0.00124932
157 127 -0.00105688 -0.000746286
157 132 -0.000764404 -0.000444821
157 137 -0.000599402 -0.000277831
157 142 -0.000508585 -0.000201861
157 147 -0.000459848 -0.000192932
157 152 -0.000434179 -0.000241692
157 157 -0.000420766 -0.000350726
157 162 -0.000413528 -0.000532304
157 167 -0.000409124 -0.00080706
157 172 -0.00040567 -0.00120264
157 177 -0.000402048 -0.00175209
157 182 -0.000397493 -0.0024914
157 187 -0.000391382 -0.00345599
157 192 -0.00038313 -0.00467599
157 197 -0.000372151 -0.00617058
157 202 -0.00035786 -0.00794192
157 207 -0.000339696 -0.00996943
157 212 -0.000317173 -0.0122057
157 217 -0.00028993 -0.0145747
157 222 -0.00025779 -0.0169741
157 227 -0.000220804 -0.0192807
157 232 -0.00017929 -0.0213604
157 237 -0.00013384 -0.0230805
157 242 -8.53024e-05 -0.0243239
157 247 -3.47403e-05 -0.0250019

162 2 -0.0105172 0.113887
162 7 -0.061942 0.108688
162 12 -0.108576 0.0967062
162 17 -0.147042 0.079354
162 22 -0.175038 0.058651
162 27 -0.191429 0.0368092
162 32 -0.196432 0.0159605
162 37 -0.191254 -0.00217499
162 42 -0.17799 -0.0164511
162 47 -0.159034 -0.0263596
162 52 -0.136927 -0.0319938
162 57 -0.113857 -0.0338819
162 62 -0.0916456 -0.0328514
162 67 -0.0715052 -0.0298048
162 72 -0.0541804 -0.025624
162 77 -0.0399123 -0.0210242
162 82 -0.0286407 -0.0165525
162 87 -0.0200512 -0.0125431
162 92 -0.0137366 -0.00917621
162 97 -0.00923996 -0.00649041
162 102 -0.00614071 -0.00444756
162 107 -0.00406621 -0.00295483
162 112 -0.00271943 -0.00190678
162 117 -0.00186889 -0.0011965
162 122 -0.00134719 -0.000733221
162 127 -0.00103554 -0.000442867
162 132 -0.000854536 -0.000271371
162 137 -0.000752023 -0.000181096
162 142 -0.000695467 -0.000149301
162 147 -0.000664894 -0.000164917
162 152 -0.000648571 -0.000226918
162 157 -0.000639679 -0.000342723
162 162 -0.000634355 -0.000527476
162 167 -0.000630363 -0.000803348
162 172 -0.000626336 -0.00119881
162 177 -0.000621316 -0.00174728
162 182 -0.000614503 -0.00248489
162 187 -0.000605113 -0.0034471
162 192 -0.000592324 -0.00466402
162 197 -0.000575266 -0.0061548
162 202 -0.000553046 -0.0079216
162 207 -0.000524804 -0.00994391
162 212 -0.000489789 -0.0121744
162 217 -0.000447446 -0.0145374
162 222 -0.000397502 -0.0169306
162 227 -0.000340044 -0.0192313
162 232 -0.000275572 -0.0213056
162 237 -0.000205008 -0.0230212
162 242 -0.00012968 -0.0242614
162 247 -5.12439e-05 -0.0249376

167 2 -0.00598267 0.0737793
167 7 -0.0352516 0.0707689
167 12 -0.0618311 0.0637885
167 17 -0.0838524 0.0536596
167 22 -0.0999729 0.0414903
167 27 -0.109585 0.0285507
167 32 -0.112724 0.0160437
167 37 -0.110101 0.00497377
167 42 -0.102804 -0.00397402
167 47 -0.092228 -0.0104722
167 52 -0.0797421 -0.0145177
167 57 -0.0666448 -0.0163818
167 62 -0.0539358 -0.0164884
167 67 -0.0423658 -0.0153471
167 72 -0.0323474 -0.0134388
167 77 -0.0240676 -0.0111894
167 82 -0.0174879 -0.00891081
167 87 -0.0124581 -0.00682035
167 92 -0.0087406 -0.00503006
167 97 -0.00608608 -0.00358474
167 102 -0.00424753 -0.0024716
167 107 -0.00301405 -0.00165219
167 112 -0.00220971 -0.00107182
167 117 -0.00170077 -0.000676953
167 122 -0.00138734 -0.000418448
167 127 -0.00119981 -0.000257544
167 132 -0.00109045 -0.000164991
167 137 -0.00102839 -0.000121651
167 142 -0.000993924 -0.000116768
167 147 -0.000975089 -0.000147372
167 152 -0.000964688 -0.000217306
167 157 -0.000958517 -0.000337002
167 162 -0.000954068 -0.000523265
167 167 -0.000949769 -0.000799179
167 172 -0.000944492 -0.00119363
167 177 -0.000937269 -0.00174021
167 182 -0.00092712 -0.00247505
167 187 -0.000912975 -0.00343353
167 192 -0.000893644 -0.00464569
167 197 -0.000867834 -0.00613061
167 202 -0.000834205 -0.00789046
167 207 -0.000791464 -0.00990481
167 212 -0.000738476 -0.0121265
167 217 -0.000674407 -0.0144802
167 222 -0.000598846 -0.0168639
167 227 -0.000511932 -0.0191555
167 232 -0.000414421 -0.0212216
167 237 -0.000307718 -0.0229305
167 242 -0.000193832 -0.0241657
167 247 -7.52725e-05 -0.0248392

172 2 -0.00335209 0.0511358
172 7 -0.019755 0.0493261
172 12 -0.0346837 0.0451364
172 17 -0.04709 0.039016
172 22 -0.0562527 0.0316154
172 27 -0.0617936 0.0236546
172 32 -0.063755 0.0158439
172 37 -0.0624741 0.00877637
172 42 -0.0585807 0.0028748
172 47 -0.0527981 -0.00163523
172 52 -0.04592 -0.00472271
172 57 -0.0386351 -0.00650357
172 62 -0.0315381 -0.00720577
172 67 -0.0250313 -0.00709703
172 72 -0.0193789 -0.00645693
172 77 -0.0146789 -0.00552392
172 82 -0.0109332 -0.00449322
172 87 -0.00805411 -0.00349553
172 92 -0.00592077 -0.00261398
172 97 -0.00438977 -0.00188361
172 102 -0.00332708 -0.00131191
172 107 -0.00261084 -0.000884331
172 112 -0.00214293 -0.000578686
172 117 -0.00184562 -0.000368833
172 122 -0.00166223 -0.000231491
172 127 -0.00155206 -0.000147015
172 132 -0.00148769 -0.000101429
172 137 -0.00145094 -8.59002e-05
172 142 -0.00143035 -9.70175e-05
172 147 -0.00141878 -0.000136387
172 152 -0.00141194 -0.000210807
172 157 -0.00140716 -0.000332393
172 162 -0.00140274 -0.000518904
172 167 -0.00139744 -0.00079387
172 172 -0.00139014 -0.00118634
172 177 -0.00137971 -0.00172985
172 182 -0.00136484 -0.00246044
172 187 -0.00134402 -0.00341331
172 192 -0.00131552 -0.00461833
172 197 -0.00127746 -0.00609451
172 202 -0.00122786 -0.00784398
172 207 -0.00116483 -0.00984644
172 212 -0.0010867 -0.012055
172 217 -0.000992225 -0.0143948
172 222 -0.000880823 -0.0167645
172 227 -0.00075269 -0.0190425
172 232 -0.00060895 -0.0210964
172 237 -0.000451674 -0.0227951
172 242 -0.000283828 -0.024023
172 247 -0.000109116 -0.0246925

177 2 -0.00186043 0.0385097
177 7 -0.0109707 0.0373641
177 12 -0.0192776 0.0346928
177 17 -0.0262217 0.0307741
177 22 -0.0313918 0.0259864
177 27 -0.0345971 0.0207713
177 32 -0.0358291 0.0155578
177 37 -0.0352888 0.0107194
177 42 -0.0332851 0.00653171
177 47 -0.030233 0.00315478
177 52 -0.0265388 0.000639366
177 57 -0.0226017 -0.00106231
177 62 -0.0187311 -0.00205946
177 67 -0.0151694 -0.00250327
177 72 -0.0120539 -0.00254789
177 77 -0.00945596 -0.00234062
177 82 -0.00737319 -0.00199854
177 87 -0.00576831 -0.00161231
177 92 -0.0045728 -0.00123905
177 97 -0.00371304 -0.000913118
177 102 -0.00311335 -0.000647385
177 107 -0.00270845 -0.000443444
177 112 -0.00244276 -0.000294352
177 117 -0.00227368 -0.000190895
177 122 -0.00216895 -0.000123072
177 127 -0.00210591 -8.2807e-05
177 132 -0.00206887 -6.42826e-05
177 137 -0.00204758 -6.48479e-05
177 142 -0.00203537 -8.50906e-05
177 147 -0.00202811 -0.000129326
177 152 -0.00202317 -0.000205946
177 157 -0.00201881 -0.000328001
177 162 -0.0020137 -0.000513689
177 167 -0.00200668 -0.000786683
177 172 -0.00199647 -0.00117596
177 177 -0.0019816 -0.00171489
177 182 -0.00196027 -0.00243922
177 187 -0.00193035 -0.00338389
177 192 -0.00188938 -0.00457853
177 197 -0.00183465 -0.00604197
177 202 -0.00176334 -0.00777634
177 207 -0.00167272 -0.00976151
177 212 -0.00156039 -0.011951
177 217 -0.00142458 -0.0142706
177 222 -0.00126443 -0.0166198
177 227 -0.00108025 -0.0188781
177 232 -0.00087365 -0.0209142
177 237 -0.000647604 -0.0225983
177 242 -0.000406383 -0.0238155
177 247 -0.000155311 -0.0244792

182 2 -0.00103899 0.0314986
182 7 -0.00612974 0.0307063
182 12 -0.0107913 0.0288591
182 17 -0.0147157 0.026127
182 22 -0.0176895 0.0227586
182 27 -0.0195937 0.0190352
182 32 -0.0204336 0.0152423
182 37 -0.0202963 0.0116308
182 42 -0.0193595 0.00839534
182 47 -0.0178272 0.00566133
182 52 -0.0159318 0.00348185
182 57 -0.0138752 0.00185089
182 62 -0.0118381 0.000713148
182 67 -0.00994459 -1.16802e-05
182 72 -0.00828125 -0.000418548
182 77 -0.00688373 -0.000596893
182 82 -0.00575993 -0.000627416
182 87 -0.00488854 -0.000572054
182 92 -0.00423787 -0.000477485
182 97 -0.00376734 -0.00037307
182 102 -0.00343851 -0.000276788
182 107 -0.00321539 -0.000196494
182 112 -0.00306874 -0.000134814
182 117 -0.00297498 -9.0627e-05
182 122 -0.0029168 -6.18707e-05
182 127 -0.00288159 -4.63557e-05
182 132 -0.00286077 -4.30614e-05
182 137 -0.00284857 -5.25678e-05
182 142 -0.00284125 -7.7773e-05
182 147 -0.00283635 -0.000124395
182 152 -0.00283219 -0.000201684
182 157 -0.00282748 -0.000323092
182 162 -0.00282103 -0.000506937
182 167 -0.00281152 -0.000776791
182 172 -0.00279736 -0.00116138
182 177 -0.00277657 -0.00169371
182 182 -0.00274669 -0.00240913
182 187 -0.00270474 -0.00334216
182 192 -0.0026473 -0.00452205
182 197 -0.00257056 -0.00596742
182 202 -0.00247058 -0.00768037
182 207 -0.00234351 -0.00964101
182 212 -0.00218602 -0.0118035
182 217 -0.00199562 -0.0140943
182 222 -0.00177112 -0.0164145
182 227 -0.00151293 -0.0186449
182 232 -0.00122332 -0.0206558
182 237 -0.000906463 -0.022319
182 242 -0.000568351 -0.0235212
182 247 -0.000216444 -0.0241766

187 2 -0.000604368 0.0275244
187 7 -0.00357075 0.0269247
187 12 -0.00630422 0.0255178
187 17 -0.00864175 0.0234271
187 22 -0.0104605 0.0208238
187 27 -0.011701 0.0179109
187 32 -0.0123534 0.0148934
187 37 -0.0124698 0.0119581
187 42 -0.0121324 0.00925555
187 47 -0.0114578 0.00688915
187 52 -0.0105604 0.0049149
187 57 -0.00955686 0.00334323
187 62 -0.00853866 0.00215139
187 67 -0.00758099 0.00129117
187 72 -0.00672834 0.000704035
187 77 -0.00600728 0.000327164
187 82 -0.00542195 0.000103871
187 87 -0.00496615 -1.51415e-05
187 92 -0.00462325 -6.75192e-05
187 97 -0.00437452 -8.1517e-05
187 102 -0.0041996 -7.57188e-05
187 107 -0.00408063 -6.22119e-05
187 112 -0.00400199 -4.76546e-05
187 117 -0.00395161 -3.57363e-05
187 122 -0.00392015 -2.8176e-05
187 127 -0.00390101 -2.61768e-05
187 132 -0.00388951 -3.11042e-05
187 137 -0.00388251 -4.53576e-05
187 142 -0.00387785 -7.29774e-05
187 147 -0.00387404 -0.000120411
187 152 -0.00386988 -0.00019725
187 157 -0.00386421 -0.000317037
187 162 -0.00385577 -0.000497953
187 167 -0.00384295 -0.00076327
187 172 -0.00382367 -0.00114128
187 177 -0.00379528 -0.00166444
187 182 -0.00375442 -0.0023675
187 187 -0.00369706 -0.0032844
187 192 -0.0036185 -0.00444388
187 197 -0.00351356 -0.00586425
187 202 -0.00337682 -0.00754755
187 207 -0.00320307 -0.00947425
187 212 -0.00298771 -0.0115993
187 217 -0.00272737 -0.0138504
187 222 -0.0024204 -0.0161304
187 227 -0.00206739 -0.0183222
187 232 -0.00167142 -0.0202982
187 237 -0.00123822 -0.0219326
187 242 -0.000775972 -0.023114
187 247 -0.000294876 -0.023758

192 2 -0.000390187 0.0251145
192 7 -0.00230971 0.0246183
192 12 -0.00409979 0.0234537
192 17 -0.00566623 0.0217134
192 22 -0.00694216 0.0195327
192 27 -0.00788691 0.0170691
192 32 -0.00849647 0.0144866
192 37 -0.0087901 0.0119362
192 42 -0.00881531 0.00954363
192 47 -0.00862796 0.00740061
192 52 -0.00829487 0.00556143
192 57 -0.00787527 0.00404658
192 62 -0.00742476 0.00284694
192 67 -0.00698315 0.00193375
192 72 -0.00658075 0.0012649
192 77 -0.00623287 0.000794462
192 82 -0.00594691 0.00047662
192 87 -0.00572101 0.000271235
192 92 -0.00554972 0.000144433
192 97 -0.00542415 7.02855e-05
192 102 -0.00533537 2.93798e-05
192 107 -0.00527446 8.40932e-06
192 112 -0.00523404 -1.67078e-06
192 117 -0.00520794 -6.58838e-06
192 122 -0.00519154 -1.01837e-05
192 127 -0.00518139 -1.5229e-05
192 132 -0.0051751 -2.439e-05
192 137 -0.00517091 -4.09114e-05
192 142 -0.00516757 -6.94013e-05
192 147 -0.00516404 -0.000116571
192 152 -0.0051593 -0.000192064
192 157 -0.00515216 -0.000309263
192 162 -0.0051411 -0.00048602
192 167 -0.0051241 -0.000745108
192 172 -0.00509843 -0.00111418
192 177 -0.00506057 -0.00162493
192 182 -0.00500607 -0.00231131
192 187 -0.00492955 -0.00320643
192 192 -0.00482476 -0.00433836
192 197 -0.00468478 -0.00572497
192 202 -0.00450241 -0.00736826
192 207 -0.00427066 -0.00924916
192 212 -0.00398343 -0.0113236
192 217 -0.00363622 -0.0135213
192 222 -0.00322684 -0.015747
192 227 -0.00275605 -0.0178866
192 232 -0.00222801 -0.0198157
192 237 -0.00165032 -0.0214112
192 242 -0.0010339 -0.0225645
192 247 -0.000392363 -0.0231932

197 2 -0.000299974 0.0234316
197 7 -0.00178079 0.0229964
197 12 -0.00318134 0.0219719
197 17 -0.00444429 0.0204374
197 22 -0.00552461 0.0185054
197 27 -0.00639701 0.0163103
197 32 -0.00705199 0.0139917
197 37 -0.00750023 0.0116808
197 42 -0.00776294 0.00948871
197 47 -0.00787384 0.0074988
197 52 -0.0078678 0.00576426
197 57 -0.00778252 0.00430859
197 62 -0.00764939 0.00313082
197 67 -0.00749622 0.0022106
197 72 -0.00734202 0.00151615
197 77 -0.00720065 0.00100935
197 82 -0.00707884 0.000651888
197 87 -0.00697968 0.00040797
197 92 -0.00690236 0.000247159
197 97 -0.00684464 0.000144599
197 102 -0.00680305 8.14099e-05
197 107 -0.00677417 4.36232e-05
197 112 -0.00675471 2.14847e-05
197 117 -0.00674201 8.20542e-06
197 122 -0.00673387 -8.9854e-07
197 127 -0.00672867 -9.40053e-06
197 132 -0.00672516 -2.05079e-05
197 137 -0.0067224 -3.78543e-05
197 142 -0.00671955 -6.62212e-05
197 147 -0.00671577 -0.000112331
197 152 -0.00671002 -0.000185656
197 157 -0.00670095 -0.000299238
197 162 -0.00668667 -0.000470408
197 167 -0.00666459 -0.000721238
197 172 -0.00663121 -0.00107851
197 177 -0.00658196 -0.00157292
197 182 -0.00651106 -0.00223731
197 187 -0.0064115 -0.00310376
197 192 -0.00627516 -0.00419942
197 197 -0.00609305 -0.0055416
197 202 -0.00585579 -0.00713221
197 207 -0.0055543 -0.00895281
197 212 -0.00518066 -0.0109608
197 217 -0.004729 -0.013088
197 222 -0.00419648 -0.0152423
197 227 -0.0035841 -0.0173133
197 232 -0.00289725 -0.0191805
197 237 -0.00214584 -0.0207248
197 242 -0.00134407 -0.0218411
197 247 -0.000509634 -0.0224496

202 2 -0.000279199 0.0220078
202 7 -0.00166116 0.0216124
202 12 -0.00298483 0.0206817
202 17 -0.00420684 0.0192847
202 22 -0.00529392 0.0175218
202 27 -0.00622319 0.0155119
202 32 -0.00698581 0.0133801
202 37 -0.0075831 0.0112444
202 42 -0.0080281 0.00920612
202 47 -0.00833924 0.00734257
202 52 -0.00854078 0.00570445
202 57 -0.00865653 0.00431661
202 62 -0.0087105 0.00318109
202 67 -0.00872248 0.00228287
202 72 -0.00870945 0.00159504
202 77 -0.0086834 0.00108494
202 82 -0.00865316 0.000718219
202 87 -0.00862382 0.000462665
202 92 -0.00859836 0.000289876
202 97 -0.00857774 0.000176549
202 102 -0.00856204 0.000104323
202 107 -0.00855059 5.94999e-05
202 112 -0.0085426 3.21196e-05
202 117 -0.00853716 1.51724e-05
202 122 -0.0085335 3.63417e-06
202 127 -0.00853094 -6.31255e-06
202 132 -0.00852887 -1.80765e-05
202 137 -0.00852673 -3.5365e-05
202 142 -0.00852388 -6.29268e-05
202 147 -0.00851948 -0.000107306
202 152 -0.00851241 -0.000177643
202 157 -0.008501 -0.00028647
202 162 -0.00848294 -0.000450406
202 167 -0.00845494 -0.0006906
202 172 -0.00841259 -0.0010327
202 177 -0.00835008 -0.00150611
202 182 -0.00826011 -0.00214227
202 187 -0.00813377 -0.00297189
202 192 -0.00796076 -0.00402098
202 197 -0.00772967 -0.00530609
202 202 -0.00742862 -0.00682907
202 207 -0.00704609 -0.00857225
202 212 -0.00657202 -0.0104948
202 217 -0.00599896 -0.0125315
202 222 -0.00532334 -0.0145942
202 227 -0.00454642 -0.0165771
202 232 -0.00367502 -0.0183649
202 237 -0.00272173 -0.0198435
202 242 -0.00170456 -0.0209122
202 247 -0.000645962 -0.0214949

207 2 -0.000296976 0.0205809
207 7 -0.00176954 0.0202178
207 12 -0.0031902 0.0193623
207 17 -0.00452048 0.0180772
207 22 -0.00572877 0.0164533
207 27 -0.00679354 0.0145987
207 32 -0.00770276 0.0126272
207 37 -0.00845526 0.0106469
207 42 -0.00905768 0.00875087
207 47 -0.00952425 0.00701092
207 52 -0.00987268 0.00547499
207 57 -0.0101236 0.00416729
207 62 -0.0102967 0.00309153
207 67 -0.0104111 0.00223518
207 72 -0.0104827 0.00157492
207 77 -0.0105248 0.00108135
207 82 -0.0105474 0.000723471
207 87 -0.010558 0.000471576
207 92 -0.0105617 0.000299439
207 97 -0.0105619 0.000185124
207 102 -0.0105606 0.0001113
207 107 -0.0105588 6.47839e-05
207 112 -0.0105571 3.59499e-05
207 117 -0.0105556 1.78865e-05
207 122 -0.0105544 5.62536e-06
207 127 -0.0105532 -4.65054e-06
207 132 -0.0105518 -1.63089e-05
207 137 -0.0105498 -3.29698e-05
207 142 -0.0105467 -5.91953e-05
207 147 -0.0105414 -0.000101221
207 152 -0.0105328 -0.000167712
207 157 -0.0105187 -0.000270526
207 162 -0.0104964 -0.000425371
207 167 -0.0104617 -0.000652226
207 172 -0.0104093 -0.000975316
207 177 -0.010332 -0.00142241
207 182 -0.0102206 -0.00202321
207 187 -0.0100642 -0.0028067
207 192 -0.00985011 -0.00379745
207 197 -0.00956413 -0.00501109
207 202 -0.00919157 -0.00644936
207 207 -0.00871819 -0.00809557
207 212 -0.00813154 -0.00991119
207 217 -0.00742242 -0.0118346
207 222 -0.00658639 -0.0137825
207 227 -0.00562503 -0.0156551
207 232 -0.00454679 -0.0173434
207 237 -0.00336723 -0.0187397
207 242 -0.00210864 -0.019749
207 247 -0.000798796 -0.0202992

212 2 -0.000335696 0.0190067
212 7 -0.00200153 0.0186744
212 12 -0.00361438 0.0178912
212 17 -0.00513423 0.0167143
212 22 -0.00652836 0.015226
212 27 -0.00777276 0.0135249
212 32 -0.00885382 0.0117145
212 37 -0.0097674 0.00989352
212 42 -0.0105186 0.00814725
212 47 -0.0111192 0.0065418
212 52 -0.0115862 0.00512153
212 57 -0.0119391 0.00390942
212 62 -0.0121982 0.00290952
212 67 -0.0123829 0.00211116
212 72 -0.0125107 0.00149346
212 77 -0.0125964 0.00102999
212 82 -0.0126522 0.000692486
212 87 -0.0126872 0.00045385
212 92 -0.0127086 0.000289911
212 97 -0.012721 0.00018044
212 102 -0.012728 0.000109292
212 107 -0.0127317 6.41711e-05
212 112 -0.0127336 3.60088e-05
212 117 -0.0127343 1.82811e-05
212 122 -0.0127344 6.2565e-06
212 127 -0.0127339 -3.69511e-06
212 132 -0.0127328 -1.47757e-05
212 137 -0.0127308 -3.03962e-05
212 142 -0.0127272 -5.48299e-05
212 147 -0.0127209 -9.38877e-05
212 152 -0.0127105 -0.00015563
212 157 -0.0126936 -0.000251069
212 162 -0.0126666 -0.000394791
212 167 -0.0126248 -0.00060534
212 172 -0.0125616 -0.000905201
212 177 -0.0124682 -0.00132014
212 182 -0.0123337 -0.00187773
212 187 -0.012145 -0.00260486
212 192 -0.0118866 -0.00352435
212 197 -0.0115414 -0.00465068
212 202 -0.0110918 -0.00598547
212 207 -0.0105205 -0.00751323
212 212 -0.00981247 -0.00919821
212 217 -0.00895669 -0.0109832
212 222 -0.00794777 -0.012791
212 227 -0.00678762 -0.0145288
212 232 -0.00548642 -0.0160955
212 237 -0.00406299 -0.0173914
212 242 -0.00254419 -0.018328
212 247 -0.000963548 -0.0188386

217 2 -0.000384664 0.0172096
217 7 -0.00229418 0.01691
217 12 -0.00414561 0.016204
217 17 -0.00589514 0.0151427
217 22 -0.00750624 0.0138003
217 27 -0.00895217 0.0122651
217 32 -0.0102167 0.0106305
217 37 -0.0112943 0.00898532
217 42 -0.0121892 0.00740634
217 47 -0.0129132 0.00595335
217 52 -0.0134839 0.00466662
217 57 -0.0139222 0.00356714
217 62 -0.0142501 0.00265896
217 67 -0.014489 0.00193272
217 72 -0.0146584 0.00136989
217 77 -0.0147755 0.000946789
217 82 -0.0148543 0.000638062
217 87 -0.0149059 0.000419265
217 92 -0.0149387 0.000268591
217 97 -0.0149591 0.000167694
217 102 -0.0149713 0.000101931
217 107 -0.0149785 6.00878e-05
217 112 -0.0149825 3.3892e-05
217 117 -0.0149845 1.73606e-05
217 122 -0.0149854 6.15313e-06
217 127 -0.0149853 -3.07018e-06
217 132 -0.0149843 -1.32467e-05
217 137 -0.014982 -2.74983e-05
217 142 -0.0149778 -4.97197e-05
217 147 -0.0149705 -8.51978e-05
217 152 -0.0149583 -0.000141255
217 157 -0.0149384 -0.000227894
217 162 -0.0149066 -0.000358353
217 167 -0.0148574 -0.000549468
217 172 -0.0147829 -0.000821646
217 177 -0.014673 -0.00119828
217 182 -0.0145148 -0.00170438
217 187 -0.0142926 -0.00236437
217 192 -0.0139885 -0.00319894
217 197 -0.0135822 -0.00422125
217 202 -0.013053 -0.00543276
217 207 -0.0123806 -0.00681942
217 212 -0.0115474 -0.00834876
217 217 -0.0105402 -0.00996885
217 222 -0.00935285 -0.0116096
217 227 -0.00798752 -0.0131869
217 232 -0.00645622 -0.0146089
217 237 -0.00478108 -0.0157851
217 242 -0.00299372 -0.0166351
217 247 -0.0011336 -0.0170986

222 2 -0.00043676 0.0151572
222 7 -0.00260518 0.0148939
222 12 -0.00470891 0.0142734
222 17 -0.00669898 0.0133405
222 22 -0.0085346 0.0121604
222 27 -0.0101854 0.0108105
222 32 -0.0116331 0.0093729
222 37 -0.0128708 0.00792544
222 42 -0.0139025 0.00653573
222 47 -0.014741 0.00525634
222 52 -0.0154054 0.00412276
222 57 -0.0159187 0.00315359
222 62 -0.0163052 0.0023525
222 67 -0.016589 0.00171143
222 72 -0.0167921 0.0012142
222 77 -0.0169338 0.000840066
222 82 -0.0170301 0.000566791
222 87 -0.017094 0.00037291
222 92 -0.0171352 0.000239227
222 97 -0.0171611 0.000149592
222 102 -0.017177 9.10802e-05
222 107 -0.0171865 5.37964e-05
222 112 -0.0171919 3.04174e-05
222 117 -0.0171948 1.56473e-05
222 122 -0.0171961 5.63479e-06
222 127 -0.0171962 -2.58207e-06
222 132 -0.0171952 -1.16089e-05
222 137 -0.0171926 -2.42086e-05
222 142 -0.0171879 -4.38237e-05
222 147 -0.0171795 -7.51207e-05
222 152 -0.0171655 -0.000124561
222 157 -0.0171426 -0.000200965
222 162 -0.0171062 -0.00031601
222 167 -0.0170497 -0.000484539
222 172 -0.0169642 -0.00072455
222 177 -0.0168381 -0.00105667
222 182 -0.0166565 -0.00150295
222 187 -0.0164015 -0.00208492
222 192 -0.0160524 -0.00282084
222 197 -0.0155862 -0.00372229
222 202 -0.0149788 -0.00479058
222 207 -0.0142072 -0.00601329
222 212 -0.0132509 -0.00736181
222 217 -0.0120951 -0.00879036
222 222 -0.0107325 -0.0102371
222 227 -0.00916574 -0.0116279
222 232 -0.0074085 -0.0128818
222 237 -0.0054862 -0.0139189
222 242 -0.00343514 -0.0146684
222 247 -0.00130059 -0.0150771

227 2 -0.00048662 0.0128478
227 7 -0.00290273 0.0126249
227 12 -0.00524733 0.0120994
227 17 -0.00746627 0.0113094
227 22 -0.00951426 0.0103099
227 27 -0.0113577 0.00916667
227 32 -0.0129758 0.00794891
227 37 -0.0143611 0.00672265
227 42 -0.0155176 0.0055451
227 47 -0.0164592 0.0044608
227 52 -0.0172067 0.00349983
227 57 -0.0177855 0.00267799
227 62 -0.0182225 0.00199848
227 67 -0.0185443 0.00145449
227 72 -0.0187753 0.00103239
227 77 -0.0189371 0.000714651
227 82 -0.0190475 0.000482451
227 87 -0.019121 0.000317618
227 92 -0.0191687 0.000203897
227 97 -0.0191989 0.000127595
227 102 -0.0192175 7.77531e-05
227 107 -0.0192286 4.5968e-05
227 112 -0.0192351 2.60226e-05
227 117 -0.0192386 1.34139e-05
227 122 -0.0192402 4.86747e-06
227 127 -0.0192404 -2.13727e-06
227 132 -0.0192393 -9.81577e-06
227 137 -0.0192365 -2.05162e-05
227 142 -0.0192311 -3.71613e-05
227 147 -0.0192218 -6.37114e-05
227 152 -0.0192062 -0.000105647
227 157 -0.0191805 -0.000170452
227 162 -0.0191398 -0.000268028
227 167 -0.0190766 -0.000410967
227 172 -0.0189809 -0.00061453
227 177 -0.0188397 -0.00089621
227 182 -0.0186365 -0.00127471
227 187 -0.0183512 -0.0017683
227 192 -0.0179605 -0.00239244
227 197 -0.0174388 -0.00315698
227 202 -0.0167592 -0.004063
227 207 -0.0158958 -0.0051
227 212 -0.0148259 -0.00624368
227 217 -0.0135326 -0.00745523
227 222 -0.0120081 -0.00868224
227 227 -0.010255 -0.00986174
227 232 -0.00828886 -0.0109252
227 237 -0.00613807 -0.0118047
227 242 -0.00384323 -0.0124404
227 247 -0.00145497 -0.0127869

232 2 -0.000529872 0.010304
232 7 -0.00316082 0.0101252
232 12 -0.00571424 0.00970381
232 17 -0.00813126 0.00907044
232 22 -0.0103627 0.00826919
232 27 -0.0123718 0.00735267
232 32 -0.0141362 0.00637638
232 37 -0.0156474 0.00539322
232 42 -0.0169098 0.00444903
232 47 -0.0179382 0.00357951
232 52 -0.0187554 0.0028088
232 57 -0.0193887 0.0021496
232 62 -0.0198674 0.00160446
232 67 -0.0202202 0.00116797
232 72 -0.0204738 0.000829212
232 77 -0.0206516 0.000574152
232 82 -0.0207732 0.00038771
232 87 -0.0208543 0.000255327
232 92 -0.020907 0.000163964
232 97 -0.0209404 0.000102645
232 102 -0.0209611 6.25746e-05
232 107 -0.0209735 3.70121e-05
232 112 -0.0209807 2.0965e-05
232 117 -0.0209846 1.08179e-05
232 122 -0.0209864 3.9399e-06
232 127 -0.0209867 -1.69357e-06
232 132 -0.0209855 -7.86253e-06
232 137 -0.0209824 -1.64523e-05
232 142 -0.0209766 -2.9809e-05
232 147 -0.0209665 -5.11102e-05
232 152 -0.0209494 -8.47539e-05
232 157 -0.0209214 -0.000136742
232 162 -0.020877 -0.00021502
232 167 -0.020808 -0.000329687
232 172 -0.0207036 -0.000492988
232 177 -0.0205496 -0.000718952
232 182 -0.0203279 -0.00102259
232 187 -0.0200167 -0.00141854
232 192 -0.0195906 -0.00191922
232 197 -0.0190215 -0.00253252
232 202 -0.0182802 -0.00325932
232 207 -0.0173383 -0.00409118
232 212 -0.0161712 -0.00500862
232 217 -0.0147606 -0.00598049
232 222 -0.0130976 -0.00696477
232 227 -0.0111855 -0.00791094
232 232 -0.00904089 -0.00876397
232 237 -0.00669492 -0.0094695
232 242 -0.00419182 -0.00997944
232 247 -0.00158684 -0.0102574

237 2 -0.000562882 0.00756818
237 7 -0.00335789 0.00743658
237 12 -0.00607093 0.00712682
237 17 -0.00863932 0.00666156
237 22 -0.0110107 0.00607315
237 27 -0.0131462 0.00540016
237 32 -0.0150217 0.00468329
237 37 -0.0166285 0.00396136
237 42 -0.017971 0.00326802
237 47 -0.019065 0.00262948
237 52 -0.0199346 0.00206348
237 57 -0.0206087 0.00157932
237 62 -0.0211184 0.00117891
237 67 -0.0214943 0.000858284
237 72 -0.0217646 0.000609418
237 77 -0.0219543 0.000422018
237 82 -0.0220841 0.000285019
237 87 -0.0221706 0.000187728
237 92 -0.022227 0.000120575
237 97 -0.0222627 7.5496e-05
237 102 -0.0222848 4.60337e-05
237 107 -0.0222981 2.72347e-05
237 112 -0.0223058 1.54313e-05
237 117 -0.02231 7.96642e-06
237 122 -0.022312 2.90667e-06
237 127 -0.0223123 -1.23638e-06
237 132 -0.022311 -5.77082e-06
237 137 -0.0223078 -1.20822e-05
237 142 -0.0223016 -2.18941e-05
237 147 -0.0222908 -3.7541e-05
237 152 -0.0222726 -6.22529e-05
237 157 -0.0222429 -0.000100439
237 162 -0.0221957 -0.000157934
237 167 -0.0221223 -0.000242158
237 172 -0.0220113 -0.000362101
237 177 -0.0218476 -0.000528071
237 182 -0.0216119 -0.000751088
237 187 -0.021281 -0.00104191
237 192 -0.0208279 -0.00140965
237 197 -0.0202228 -0.00186011
237 202 -0.0194346 -0.00239393
237 207 -0.0184333 -0.00300491
237 212 -0.0171925 -0.00367874
237 217 -0.0156927 -0.00439256
237 222 -0.0139247 -0.00511548
237 227 -0.0118917 -0.00581041
237 232 -0.00961173 -0.00643694
237 237 -0.0071176 -0.00695512
237 242 -0.00445642 -0.00732966
237 247 -0.00168693 -0.00753385

242 2 -0.000582693 0.00469909
242 7 -0.003477 0.00461628
242 12 -0.00628741 0.00442326
242 17 -0.00894805 0.00413425
242 22 -0.0114046 0.00376903
242 27 -0.0136168 0.00335138
242 32 -0.0155599 0.00290653
242 37 -0.0172245 0.00245854
242 42 -0.0186155 0.00202828
242 47 -0.0197492 0.00163203
242 52 -0.0206505 0.00128077
242 57 -0.0213492 0.000980303
242 62 -0.0218776 0.000731797
242 67 -0.0222674 0.000532796
242 72 -0.0225478 0.000378328
242 77 -0.0227445 0.000262007
242 82 -0.0228791 0.000176964
242 87 -0.022969 0.000116566
242 92 -0.0230275 7.48748e-05
242 97 -0.0230646 4.6886e-05
242 102 -0.0230875 2.85915e-05
242 107 -0.0231013 1.69174e-05
242 112 -0.0231094 9.58683e-06
242 117 -0.0231138 4.95042e-06
242 122 -0.0231158 1.80778e-06
242 127 -0.0231161 -7.65082e-07
242 132 -0.0231148 -3.58034e-06
242 137 -0.0231115 -7.49804e-06
242 142 -0.0231051 -1.35881e-05
242 147 -0.0230939 -2.32993e-05
242 152 -0.023075 -3.86366e-05
242 157 -0.0230443 -6.23362e-05
242 162 -0.0229953 -9.80199e-05
242 167 -0.0229193 -0.000150291
242 172 -0.0228043 -0.000224732
242 177 -0.0226346 -0.000327736
242 182 -0.0223904 -0.000466146
242 187 -0.0220476 -0.000646636
242 192 -0.0215781 -0.000874865
242 197 -0.0209512 -0.00115443
242 202 -0.0201347 -0.00148572
242 207 -0.0190972 -0.0018649
242 212 -0.0178117 -0.0022831
242 217 -0.0162579 -0.0027261
242 222 -0.0144262 -0.00317475
242 227 -0.01232 -0.00360603
242 232 -0.00995784 -0.00399486
242 237 -0.00737387 -0.00431646
242 242 -0.00461684 -0.0045489
242 247 -0.00174761 -0.00467563

247 2 -0.000584898 0.00176983
247 7 -0.00350662 0.00173189
247 12 -0.00634438 0.00165852
247 17 -0.00902995 0.00155001
247 22 -0.0115093 0.00141306
247 27 -0.0137419 0.00125648
247 32 -0.015703 0.0010897
247 37 -0.0173832 0.000921747
247 42 -0.0187871 0.000760445
247 47 -0.0199314 0.000611888
247 52 -0.0208411 0.000480201
247 57 -0.0215465 0.000367552
247 62 -0.0220799 0.000274383
247 67 -0.0224734 0.000199773
247 72 -0.0227565 0.000141858
247 77 -0.0229551 9.82447e-05
247 82 -0.0230911 6.63581e-05
247 87 -0.0231818 4.37114e-05
247 92 -0.0232409 2.80785e-05
247 97 -0.0232784 1.75832e-05
247 102 -0.0233016 1.07229e-05
247 107 -0.0233156 6.34494e-06
247 112 -0.0233237 3.5958e-06
247 117 -0.0233281 1.85697e-06
247 122 -0.0233302 6.78367e-07
247 127 -0.0233305 -2.86499e-07
247 132 -0.0233292 -1.34215e-06
247 137 -0.0233258 -2.81108e-06
247 142 -0.0233193 -5.09441e-06
247 147 -0.023308 -8.73541e-06
247 152 -0.023289 -1.44857e-05
247 157 -0.023258 -2.33711e-05
247 162 -0.0232085 -3.67495e-05
247 167 -0.0231318 -5.63471e-05
247 172 -0.0230158 -8.42559e-05
247 177 -0.0228445 -0.000122874
247 182 -0.022598 -0.000174766
247 187 -0.022252 -0.000242434
247 192 -0.0217782 -0.000328
247 197 -0.0211455 -0.000432812
247 202 -0.0203213 -0.000557019
247 207 -0.0192743 -0.000699179
247 212 -0.0179768 -0.000855965
247 217 -0.0164086 -0.00102205
247 222 -0.0145599 -0.00119026
247 227 -0.0124341 -0.00135195
247 232 -0.0100501 -0.00149773
247 237 -0.00744218 -0.0016183
247 242 -0.00465959 -0.00170544
247 247 -0.00176375 -0.00175296

