2 2 0.00479249 0.952406
2 22 0.0894328 0.654942
2 42 0.123089 0.0524391
2 62 0.103758 -0.349301
2 82 0.0637253 -0.395786
2 102 0.0304296 -0.258214
2 122 0.0116803 -0.120148
2 142 0.00367257 -0.0428166
2 162 0.000956377 -0.0120976
2 182 0.000207636 -0.00276477
2 202 3.77412e-05 -0.000517668
2 222 5.76017e-06 -8.01137e-05
2 242 7.39848e-07 -1.03144e-05
2 262 8.00262e-08 -1.11231e-06
2 282 6.07065e-09 -1.26713e-07
2 302 -1.12319e-08 -2.70987e-07
2 322 -8.66273e-08 -2.05538e-06
2 342 -5.03137e-07 -1.25464e-05
2 362 -2.33266e-06 -5.9794e-05
2 382 -8.79138e-06 -0.000220062
2 402 -2.79208e-05 -0.000603181
2 422 -8.09414e-05 -0.00105444
2 442 -0.000255567 0.000281891
2 462 -0.00124563 0.0153745
2 482 -0.0204549 0.207484

22 2 0.0819703 1.74387
22 22 1.50438 1.16117
22 42 1.98539 0.0374869
22 62 1.57223 -0.662357
22 82 0.893967 -0.705615
22 102 0.391483 -0.443502
22 122 0.137036 -0.200779
22 142 0.0391832 -0.070114
22 162 0.00927283 -0.0195246
22 182 0.00183135 -0.00441846
22 202 0.000303501 -0.000822338
22 222 4.23704e-05 -0.000126898
22 242 4.9976e-06 -1.63331e-05
22 262 4.98993e-07 -1.76402e-06
22 282 3.91369e-08 -1.91538e-07
22 302 -2.99523e-08 -3.25092e-07
22 322 -2.74702e-07 -2.42062e-06
22 342 -1.86302e-06 -1.47226e-05
22 362 -1.04181e-05 -7.04892e-05
22 382 -4.90199e-05 -0.000264665
22 402 -0.000199957 -0.000769166
22 422 -0.000742491 -0.00165745
22 442 -0.00272407 -0.00221955
22 462 -0.0111344 0.000125571
22 482 -0.0490954 -0.00497215

42 2 0.272555 4.96462
42 22 4.89858 3.11291
42 42 6.1709 -0.174274
42 62 4.6093 -1.95297
42 82 2.47609 -1.87098
42 102 1.03362 -1.09959
42 122 0.348559 -0.473837
42 142 0.096922 -0.159498
42 162 0.0224751 -0.0432229
42 182 0.00437479 -0.00958863
42 202 0.000717759 -0.00175932
42 222 9.95423e-05 -0.000268833
42 242 1.16951e-05 -3.43846e-05
42 262 1.16593e-06 -3.69899e-06
42 282 9.47513e-08 -3.75946e-07
42 302 -3.53675e-08 -4.25965e-07
42 322 -3.51772e-07 -3.07967e-06
42 342 -2.36926e-06 -1.87291e-05
42 362 -1.30764e-05 -9.04837e-05
42 382 -6.00164e-05 -0.000348161
42 402 -0.000233152 -0.00107057
42 422 -0.000783663 -0.00264773
42 442 -0.00231983 -0.00539112
42 462 -0.00583005 -0.00989811
42 482 -0.00905239 -0.0190347

62 2 0.813395 14.8775
62 22 14.0758 8.49085
62 42 16.2456 -1.59533
62 62 10.9494 -5.8704
62 82 5.37783 -4.91089
62 102 2.09765 -2.65663
62 122 0.674016 -1.08211
62 142 0.181268 -0.3503
62 162 0.0410978 -0.0923808
62 182 0.00788327 -0.0201112
62 202 0.00128194 -0.00364316
62 222 0.00017698 -0.000552132
62 242 2.07687e-05 -7.02865e-05
62 262 2.07386e-06 -7.54392e-06
62 282 1.72923e-07 -7.34159e-07
62 302 -2.34014e-08 -5.42397e-07
62 322 -2.93662e-07 -3.74609e-06
62 342 -1.93561e-06 -2.26965e-05
62 362 -1.03601e-05 -0.000109704
62 382 -4.54764e-05 -0.000424549
62 402 -0.00016473 -0.00132268
62 422 -0.000492606 -0.00334388
62 442 -0.00119162 -0.00694989
62 462 -0.00214137 -0.0120879
62 482 -0.00214361 -0.017559

82 2 2.42596 44.2182
82 22 39.1415 21.0797
82 42 37.9057 -8.89402
82 62 21.3498 -16.2583
82 82 9.21455 -11.395
82 102 3.3042 -5.58687
82 122 1.0063 -2.14262
82 142 0.261627 -0.667481
82 162 0.0580917 -0.171697
82 182 0.0110092 -0.0367814
82 202 0.00177979 -0.0065964
82 222 0.000245387 -0.000994036
82 242 2.8858e-05 -0.000126235
82 262 2.89587e-06 -1.35479e-05
82 282 2.45875e-07 -1.28819e-06
82 302 -4.72258e-09 -6.50028e-07
82 322 -1.80614e-07 -4.22164e-06
82 342 -1.16073e-06 -2.54348e-05
82 362 -5.98972e-06 -0.000122431
82 382 -2.50292e-05 -0.000472084
82 402 -8.456e-05 -0.00146458
82 422 -0.000228426 -0.00367352
82 442 -0.000477327 -0.00748791
82 462 -0.000708838 -0.0124494
82 482 -0.000590956 -0.0168449

102 2 7.72463 135.279
102 22 116.508 41.9229
102 42 73.9334 -40.6661
102 62 30.8133 -38.6869
102 82 11.3213 -21.9885
102 102 3.71379 -9.73517
102 122 1.07524 -3.52927
102 142 0.271719 -1.06374
102 162 0.0594525 -0.268251
102 182 0.0112033 -0.0567958
102 202 0.00181219 -0.0101214
102 222 0.000251131 -0.00152131
102 242 2.9786e-05 -0.000193237
102 262 3.02266e-06 -2.07862e-05
102 282 2.61326e-07 -1.95764e-06
102 302 8.06844e-09 -7.38662e-07
102 322 -8.7166e-08 -4.48232e-06
102 342 -5.46847e-07 -2.68739e-05
102 362 -2.71571e-06 -0.000128823
102 382 -1.08164e-05 -0.00049451
102 402 -3.43635e-05 -0.00152566
102 422 -8.57847e-05 -0.00379674
102 442 -0.000162724 -0.00764741
102 462 -0.00021796 -0.0125016
102 482 -0.000169352 -0.0166142

122 2 13.327 372.71
122 22 343.784 -311.174
122 42 77.6512 -127.797
122 62 23.9644 -69.572
122 82 7.59445 -33.1322
122 102 2.30328 -13.5558
122 122 0.641327 -4.72055
122 142 0.159691 -1.39223
122 162 0.0349762 -0.347016
122 182 0.00666867 -0.0730612
122 202 0.00109957 -0.0129984
122 222 0.000156145 -0.00195596
122 242 1.90485e-05 -0.000249247
122 262 1.99339e-06 -2.69406e-05
122 282 1.78324e-07 -2.53631e-06
122 302 8.89768e-09 -8.01453e-07
122 322 -3.54327e-08 -4.59912e-06
122 342 -2.17017e-07 -2.74865e-05
122 362 -1.03568e-06 -0.000131422
122 382 -3.9395e-06 -0.000503108
122 402 -1.18685e-05 -0.00154734
122 422 -2.79099e-05 -0.00383614
122 442 -4.97545e-05 -0.00769117
122 462 -6.33128e-05 -0.0125085
122 482 -4.90505e-05 -0.0165486

142 2 -0.518474 505.589
142 22 -8.18897 -364.014
142 42 -8.04422 -177.45
142 62 -4.34272 -83.1895
142 82 -1.80042 -37.028
142 102 -0.616788 -14.7016
142 122 -0.176333 -5.05049
142 142 -0.0419198 -1.48133
142 162 -0.00821484 -0.368847
142 182 -0.00130742 -0.0777979
142 202 -0.000164276 -0.0138936
142 222 -1.52345e-05 -0.00210172
142 242 -8.11439e-07 -0.000269565
142 262 2.78182e-08 -2.93563e-05
142 282 1.24806e-08 -2.78165e-06
142 302 -2.167e-10 -8.29268e-07
142 322 -1.40863e-08 -4.64503e-06
142 342 -8.18512e-08 -2.77159e-05
142 362 -3.74142e-07 -0.00013235
142 382 -1.35856e-06 -0.000506013
142 402 -3.89881e-06 -0.0015542
142 422 -8.7426e-06 -0.00384771
142 442 -1.49819e-05 -0.00770296
142 462 -1.87676e-05 -0.0125097
142 482 -1.53783e-05 -0.0165317

162 2 -13.7365 357.065
162 22 -318.97 -336.951
162 42 -86.6604 -122.729
162 62 -29.3394 -63.9303
162 82 -9.99234 -30.0647
162 102 -3.1642 -12.2837
162 122 -0.895063 -4.29469
162 142 -0.221296 -1.27586
162 162 -0.0472424 -0.321094
162 182 -0.00864752 -0.068392
162 202 -0.0013517 -0.0123308
162 222 -0.000179992 -0.00188332
162 242 -2.03892e-05 -0.00024395
162 262 -1.96319e-06 -2.68408e-05
162 282 -1.60685e-07 -2.57583e-06
162 302 -1.20789e-08 -8.18063e-07
162 322 -7.12558e-09 -4.66209e-06
162 342 -3.58042e-08 -2.7804e-05
162 362 -1.56804e-07 -0.000132689
162 382 -5.44648e-07 -0.000507018
162 402 -1.49504e-06 -0.00155644
162 422 -3.22167e-06 -0.00385129
162 442 -5.37754e-06 -0.00770648
162 462 -6.76986e-06 -0.0125104
162 482 -6.0472e-06 -0.0165276

182 2 -7.48571 116.036
182 22 -113.696 33.8135
182 42 -71.4176 -35.5567
182 62 -30.3264 -31.9833
182 82 -11.4239 -17.9278
182 102 -3.82548 -7.94774
182 122 -1.12317 -2.90919
182 142 -0.28601 -0.890349
182 162 -0.0627174 -0.228985
182 182 -0.0117908 -0.0496299
182 202 -0.00189547 -0.00908405
182 222 -0.000260196 -0.00140675
182 242 -3.04815e-05 -0.000184637
182 262 -3.0472e-06 -2.05805e-05
182 282 -2.60099e-07 -2.01531e-06
182 302 -1.95156e-08 -7.76882e-07
182 322 -5.03468e-09 -4.66831e-06
182 342 -2.08862e-08 -2.78466e-05
182 362 -8.88861e-08 -0.000132846
182 382 -2.99836e-07 -0.000507462
182 402 -7.98458e-07 -0.00155739
182 422 -1.67261e-06 -0.00385274
182 442 -2.73522e-06 -0.00770789
182 462 -3.43804e-06 -0.0125108
182 482 -3.21105e-06 -0.0165264

202 2 -2.03926 32.5189
202 22 -32.901 15.267
202 42 -31.9023 -6.65338
202 62 -18.1377 -11.7646
202 82 -7.95433 -8.21556
202 102 -2.90564 -4.06294
202 122 -0.901892 -1.58552
202 142 -0.238931 -0.506094
202 162 -0.0540455 -0.134179
202 182 -0.0104332 -0.0297826
202 202 -0.00171825 -0.0055611
202 222 -0.000241404 -0.000876505
202 242 -2.89399e-05 -0.000116927
202 262 -2.96197e-06 -1.32381e-05
202 282 -2.59057e-07 -1.33854e-06
202 302 -1.97831e-08 -7.24741e-07
202 322 -4.0523e-09 -4.67065e-06
202 342 -1.51252e-08 -2.78739e-05
202 362 -6.35914e-08 -0.000132945
202 382 -2.11838e-07 -0.000507734
202 402 -5.56092e-07 -0.00155795
202 422 -1.14656e-06 -0.00385357
202 442 -1.84389e-06 -0.00770869
202 462 -2.28061e-06 -0.012511
202 482 -2.10513e-06 -0.0165258

222 2 -0.588832 9.3039
222 22 -10.2093 5.30986
222 42 -11.8586 -0.959249
222 62 -8.09334 -3.61937
222 82 -4.04983 -3.06041
222 102 -1.61713 -1.6863
222 122 -0.533896 -0.705335
222 142 -0.147979 -0.236261
222 162 -0.0346723 -0.0649277
222 182 -0.00689146 -0.0148269
222 202 -0.00116428 -0.00283507
222 222 -0.000167436 -0.000456236
222 242 -2.05218e-05 -6.20245e-05
222 262 -2.14621e-06 -7.15021e-06
222 282 -1.91811e-07 -7.64679e-07
222 302 -1.50114e-08 -6.7941e-07
222 322 -3.22971e-09 -4.67199e-06
222 342 -1.20574e-08 -2.78945e-05
222 362 -5.04089e-08 -0.000133019
222 382 -1.66998e-07 -0.000507937
222 402 -4.35371e-07 -0.00155836
222 422 -8.89432e-07 -0.00385417
222 442 -1.412e-06 -0.00770923
222 462 -1.71271e-06 -0.0125111
222 482 -1.52974e-06 -0.0165253

242 2 -0.169798 2.55291
242 22 -3.06327 1.61262
242 42 -3.90177 -0.0565377
242 62 -2.969 -0.977807
242 82 -1.6365 -0.961646
242 102 -0.705426 -0.581565
242 122 -0.247016 -0.259793
242 142 -0.0716824 -0.0913944
242 162 -0.0174291 -0.0260951
242 182 -0.00357342 -0.00614745
242 202 -0.000620277 -0.0012069
242 222 -9.14116e-05 -0.000198785
242 242 -1.14626e-05 -2.76005e-05
242 262 -1.22563e-06 -3.24793e-06
242 282 -1.12351e-07 -3.88876e-07
242 302 -9.51624e-09 -6.49194e-07
242 322 -2.95657e-09 -4.6735e-06
242 342 -1.04484e-08 -2.79113e-05
242 362 -4.20737e-08 -0.00013308
242 382 -1.37855e-07 -0.0005081
242 402 -3.57131e-07 -0.00155869
242 422 -7.24568e-07 -0.00385464
242 442 -1.13862e-06 -0.00770964
242 462 -1.35726e-06 -0.0125112
242 482 -1.17076e-06 -0.0165249

262 2 -0.0456731 0.650625
262 22 -0.843879 0.439417
262 42 -1.13401 0.031497
262 62 -0.924083 -0.230749
262 82 -0.545702 -0.257947
262 102 -0.250139 -0.16876
262 122 -0.0922638 -0.0799994
262 142 -0.0279632 -0.029501
262 162 -0.00705307 -0.00875392
262 182 -0.00149253 -0.00213019
262 202 -0.000266434 -0.000430123
262 222 -4.02818e-05 -7.26385e-05
262 242 -5.17835e-06 -1.03188e-05
262 262 -5.72783e-07 -1.2438e-06
262 282 -6.03026e-08 -1.91639e-07
262 302 -1.19968e-08 -6.33176e-07
262 322 -9.41745e-09 -4.67538e-06
262 342 -1.59298e-08 -2.79254e-05
262 362 -4.25728e-08 -0.00013313
262 382 -1.23035e-07 -0.000508235
262 402 -3.06488e-07 -0.00155896
262 422 -6.11554e-07 -0.00385503
262 442 -9.49174e-07 -0.00770997
262 462 -1.11285e-06 -0.0125112
262 482 -9.28526e-07 -0.0165245

282 2 -0.0110329 0.15873
282 22 -0.207263 0.114328
282 42 -0.288411 0.0224557
282 62 -0.246179 -0.0437476
282 82 -0.152882 -0.0577447
282 102 -0.0735812 -0.0409173
282 122 -0.0283758 -0.0205558
282 142 -0.00894717 -0.00794323
282 162 -0.00233713 -0.00245133
282 182 -0.000510304 -0.000617008
282 202 -9.37698e-05 -0.00012835
282 222 -1.4621e-05 -2.22644e-05
282 242 -1.99913e-06 -3.24189e-06
282 262 -3.01159e-07 -4.03549e-07
282 282 -1.07708e-07 -1.07095e-07
282 302 -8.91499e-08 -6.26368e-07
282 322 -8.87476e-08 -4.67745e-06
282 342 -9.44363e-08 -2.79374e-05
282 362 -1.17174e-07 -0.000133172
282 382 -1.85603e-07 -0.00050835
282 402 -3.40748e-07 -0.00155919
282 422 -5.95853e-07 -0.00385534
282 442 -8.70051e-07 -0.00771023
282 462 -9.819e-07 -0.0125112
282 482 -7.82109e-07 -0.0165241

302 2 -0.00234406 0.0454174
302 22 -0.0446218 0.035839
302 42 -0.0636793 0.0147953
302 62 -0.056227 -0.00248777
302 82 -0.0362838 -0.00891109
302 102 -0.0181639 -0.00758186
302 122 -0.0072762 -0.00418559
302 142 -0.00237765 -0.00172558
302 162 -0.000642297 -0.000559971
302 182 -0.000145129 -0.00014693
302 202 -2.8048e-05 -3.16774e-05
302 222 -5.1367e-06 -5.6717e-06
302 242 -1.38253e-06 -8.50113e-07
302 262 -8.64482e-07 -1.12625e-07
302 282 -8.04028e-07 -7.71675e-08
302 302 -7.98186e-07 -6.24118e-07
302 322 -7.98659e-07 -4.67949e-06
302 342 -8.03557e-07 -2.79476e-05
302 362 -8.2271e-07 -0.000133208
302 382 -8.79334e-07 -0.000508446
302 402 -1.00356e-06 -0.00155938
302 422 -1.19362e-06 -0.0038556
302 442 -1.356e-06 -0.0077104
302 462 -1.3063e-06 -0.0125111
302 482 -9.02251e-07 -0.0165237

322 2 -0.000432987 0.0225423
322 22 -0.00833927 0.0194094
322 42 -0.0121421 0.0123402
322 62 -0.0110107 0.00547321
322 82 -0.00732882 0.00132734
322 102 -0.00379316 -0.000205291
322 122 -0.00157338 -0.000392862
322 142 -0.000534481 -0.000225137
322 162 -0.000152878 -8.65908e-05
322 182 -3.98463e-05 -2.53381e-05
322 202 -1.23943e-05 -5.90966e-06
322 222 -6.86588e-06 -1.12465e-06
322 242 -5.93527e-06 -1.77447e-07
322 262 -5.80352e-06 -2.87708e-08
322 282 -5.78778e-06 -6.8362e-08
322 302 -5.7863e-06 -6.23641e-07
322 322 -5.78692e-06 -4.68127e-06
322 342 -5.79051e-06 -2.79559e-05
322 362 -5.80306e-06 -0.000133236
322 382 -5.83298e-06 -0.000508514
322 402 -5.86892e-06 -0.00155949
322 422 -5.8194e-06 -0.00385566
322 442 -5.44727e-06 -0.00771023
322 462 -4.41504e-06 -0.0125104
322 482 -2.51898e-06 -0.0165225

342 2 -6.95862e-05 0.0185284
342 22 -0.00135577 0.0164352
342 42 -0.00201167 0.0117694
342 62 -0.00187269 0.00680467
342 82 -0.00129084 0.00317106
342 102 -0.000702591 0.00118503
342 122 -0.00031861 0.000350812
342 142 -0.000132458 7.99179e-05
342 162 -6.17878e-05 1.2933e-05
342 182 -4.01934e-05 1.034e-06
342 202 -3.47921e-05 -1.55997e-07
342 222 -3.36736e-05 -8.11934e-08
342 242 -3.34802e-05 -1.9028e-08
342 262 -3.34521e-05 -8.52814e-09
342 282 -3.34487e-05 -6.62033e-08
342 302 -3.34484e-05 -6.23637e-07
342 322 -3.34484e-05 -4.68218e-06
342 342 -3.3447e-05 -2.79585e-05
342 362 -3.34321e-05 -0.000133236
342 382 -3.33403e-05 -0.00050847
342 402 -3.29426e-05 -0.00155924
342 422 -3.16488e-05 -0.0038548
342 442 -2.83928e-05 -0.00770809
342 462 -2.19425e-05 -0.0125064
342 482 -1.176e-05 -0.0165167

362 2 -1.21089e-05 0.0178945
362 22 -0.000240788 0.0159478
362 42 -0.00037789 0.0116458
362 62 -0.000391812 0.00698599
362 82 -0.000328161 0.00345076
362 102 -0.000251435 0.00140658
362 122 -0.000197481 0.000473999
362 142 -0.000169984 0.000132233
362 162 -0.000159116 3.0559e-05
362 182 -0.000155676 5.8479e-06
362 202 -0.000154788 9.2471e-07
362 222 -0.000154598 1.20198e-07
362 242 -0.000154565 1.23536e-08
362 262 -0.00015456 -4.4154e-09
362 282 -0.000154559 -6.5731e-08
362 302 -0.000154559 -6.23314e-07
362 322 -0.000154556 -4.67922e-06
362 342 -0.000154532 -2.79359e-05
362 362 -0.000154393 -0.000133106
362 382 -0.000153751 -0.000507899
362 402 -0.000151397 -0.00155727
362 422 -0.00014452 -0.00384945
362 442 -0.000128423 -0.00769651
362 462 -9.80711e-05 -0.0124864
362 482 -5.17382e-05 -0.0164887

382 2 -1.10426e-05 0.0177034
382 22 -0.000225472 0.0157831
382 42 -0.000396885 0.0115532
382 62 -0.00050348 0.00696347
382 82 -0.00055394 0.00346552
382 102 -0.000570997 0.00142793
382 122 -0.000574173 0.000488413
382 142 -0.000573728 0.000139028
382 162 -0.000573091 3.30145e-05
382 182 -0.000572795 6.55505e-06
382 202 -0.000572702 1.0905e-06
382 222 -0.00057268 1.52264e-07
382 242 -0.000572675 1.7519e-08
382 262 -0.000572675 -3.70304e-09
382 282 -0.000572675 -6.54435e-08
382 302 -0.000572673 -6.21054e-07
382 322 -0.000572657 -4.66026e-06
382 342 -0.00057255 -2.78109e-05
382 362 -0.000571949 -0.000132457
382 382 -0.000569288 -0.00050523
382 402 -0.000559859 -0.00154854
382 422 -0.000533062 -0.00382662
382 442 -0.000471727 -0.0076486
382 462 -0.000358209 -0.0124053
382 482 -0.000187613 -0.0163776

402 2 -3.00627e-05 0.0173255
402 22 -0.000612469 0.0154405
402 42 -0.00108947 0.011303
402 62 -0.00140917 0.00681579
402 82 -0.00158509 0.00339516
402 102 -0.00166477 0.00140098
402 122 -0.00169453 0.000480198
402 142 -0.00170371 0.000137083
402 162 -0.00170605 3.26784e-05
402 182 -0.00170654 6.52175e-06
402 202 -0.00170662 1.09238e-06
402 222 -0.00170664 1.5392e-07
402 242 -0.00170664 1.79385e-08
402 262 -0.00170664 -3.56593e-09
402 282 -0.00170664 -6.4565e-08
402 302 -0.00170663 -6.12119e-07
402 322 -0.00170658 -4.58813e-06
402 342 -0.00170622 -2.73515e-05
402 362 -0.00170427 -0.000130139
402 382 -0.00169579 -0.000495927
402 402 -0.00166629 -0.00151873
402 422 -0.00158375 -0.00375006
402 442 -0.00139744 -0.0074904
402 462 -0.00105685 -0.0121412
402 482 -0.000550721 -0.0160199

422 2 -7.27006e-05 0.0163434
422 22 -0.00147528 0.0145554
422 42 -0.00261836 0.0106518
422 62 -0.00338378 0.0064232
422 82 -0.00380629 0.00320057
422 102 -0.0039991 0.00132145
422 122 -0.00407206 0.000453323
422 142 -0.004095 0.000129558
422 162 -0.00410101 3.09287e-05
422 182 -0.00410233 6.18334e-06
422 202 -0.00410257 1.03789e-06
422 222 -0.00410261 1.46613e-07
422 242 -0.00410261 1.71363e-08
422 262 -0.00410261 -3.43191e-09
422 282 -0.00410261 -6.18988e-08
422 302 -0.0041026 -5.85364e-07
422 322 -0.00410246 -4.3771e-06
422 342 -0.00410152 -2.6035e-05
422 362 -0.00409649 -0.000123619
422 382 -0.004075 -0.000470189
422 402 -0.00400128 -0.00143746
422 422 -0.00379759 -0.00354401
422 442 -0.00334288 -0.00706944
422 462 -0.00251985 -0.0114457
422 482 -0.00130784 -0.015087

442 2 -0.000142269 0.0142347
442 22 -0.00287837 0.0126666
442 42 -0.00509881 0.0092668
442 62 -0.0065825 0.00558902
442 82 -0.00740116 0.00278656
442 102 -0.00777522 0.00115165
442 122 -0.00791714 0.000395602
442 142 -0.00796196 0.000113252
442 162 -0.00797377 2.70902e-05
442 182 -0.00797638 5.42849e-06
442 202 -0.00797686 9.13565e-07
442 222 -0.00797693 1.29424e-07
442 242 -0.00797694 1.5169e-08
442 262 -0.00797694 -3.10784e-09
442 282 -0.00797694 -5.54278e-08
442 302 -0.0079769 -5.21775e-07
442 322 -0.00797661 -3.88508e-06
442 342 -0.00797464 -2.30186e-05
442 362 -0.00796427 -0.00010891
442 382 -0.00792057 -0.000412931
442 402 -0.00777244 -0.00125887
442 422 -0.00736762 -0.00309617
442 442 -0.00647253 -0.00616332
442 462 -0.00486593 -0.00996134
442 482 -0.00251755 -0.0131115

462 2 -0.000225028 0.0105618
462 22 -0.00454365 0.00939129
462 42 -0.00803959 0.00687053
462 62 -0.010374 0.00414637
462 82 -0.0116632 0.00206979
462 102 -0.0122537 0.000856909
462 122 -0.0124785 0.000295023
462 142 -0.0125499 8.469e-05
462 162 -0.0125688 2.03232e-05
462 182 -0.012573 4.08732e-06
462 202 -0.0125738 6.90651e-07
462 222 -0.0125739 9.82795e-08
462 242 -0.012574 1.15677e-08
462 262 -0.012574 -2.43625e-09
462 282 -0.012574 -4.28137e-08
462 302 -0.0125739 -4.00252e-07
462 322 -0.0125734 -2.96146e-06
462 342 -0.0125701 -1.74463e-05
462 362 -0.0125528 -8.2125e-05
462 382 -0.0124812 -0.000309979
462 402 -0.012241 -0.000941338
462 422 -0.011591 -0.00230757
462 442 -0.0101659 -0.00458099
462 462 -0.00762632 -0.00738776
462 482 -0.00393637 -0.00970759

482 2 -0.000288055 0.00536817
482 22 -0.00581053 0.00477156
482 42 -0.0102779 0.00349261
482 62 -0.013264 0.00211053
482 82 -0.0149174 0.00105567
482 102 -0.0156777 0.000438245
482 122 -0.0159688 0.000151392
482 142 -0.0160618 4.36334e-05
482 162 -0.0160866 1.05191e-05
482 182 -0.0160922 2.12657e-06
482 202 -0.0160933 3.61406e-07
482 222 -0.0160934 5.17516e-08
482 242 -0.0160934 6.1288e-09
482 262 -0.0160935 -1.32469e-09
482 282 -0.0160934 -2.291e-08
482 302 -0.0160934 -2.12227e-07
482 322 -0.0160926 -1.55734e-06
482 342 -0.0160881 -9.1071e-06
482 362 -0.016065 -4.25925e-05
482 382 -0.0159699 -0.000159862
482 402 -0.0156547 -0.000483147
482 422 -0.0148096 -0.00117969
482 442 -0.012971 -0.00233453
482 462 -0.00971466 -0.00375587
482 482 -0.00500595 -0.00492696

