2 2 0.0134461 25.0231
2 22 0.260139 21.5693
2 42 0.40698 13.489
2 62 0.432291 4.31141
2 82 0.377016 -3.03986
2 102 0.293424 -7.3922
2 122 0.214209 -8.99337
2 142 0.151221 -8.704
2 162 0.104898 -7.41117
2 182 0.0718848 -5.77831
2 202 0.0486014 -4.20817
2 222 0.0322737 -2.89445
2 242 0.0209395 -1.89272
2 262 0.0132116 -1.18161
2 282 0.00807571 -0.706276
2 302 0.00476811 -0.405136
2 322 0.00271205 -0.223623
2 342 0.00148105 -0.119312
2 362 0.000771102 -0.0621056
2 382 0.000374434 -0.0321213
2 402 0.000152633 -0.0169074
2 422 4.90245e-06 -0.00872376
2 442 -0.00020672 -0.00151384
2 462 -0.00121142 0.0183302
2 482 -0.0204357 0.213828

22 2 0.240115 27.5279
22 22 4.58844 23.445
22 42 6.93799 14.1124
22 62 6.97998 3.90862
22 82 5.6489 -3.88662
22 102 3.98547 -8.23894
22 122 2.56671 -9.65181
22 142 1.55247 -9.15247
22 162 0.897895 -7.69319
22 182 0.502271 -5.94679
22 202 0.273725 -4.30541
22 222 0.145998 -2.94924
22 242 0.0764291 -1.92307
22 262 0.0393282 -1.19819
22 282 0.0199003 -0.71522
22 302 0.00989272 -0.409904
22 322 0.00481327 -0.226135
22 342 0.00226266 -0.120625
22 362 0.00097431 -0.0628013
22 382 0.000271666 -0.032535
22 402 -0.000254674 -0.0172836
22 422 -0.00102589 -0.00944314
22 442 -0.00312076 -0.00405109
22 462 -0.0115103 0.00312679
22 482 -0.0493124 0.00148122

42 2 0.562578 35.2644
42 22 10.5383 28.98
42 42 15.1731 15.5199
42 62 14.3486 2.30633
42 82 10.9335 -6.51939
42 102 7.32659 -10.6507
42 122 4.52389 -11.4261
42 142 2.64231 -10.3128
42 162 1.48203 -8.39863
42 182 0.805271 -6.35492
42 202 0.426094 -4.53307
42 222 0.220253 -3.07262
42 242 0.111442 -1.98834
42 262 0.0552617 -1.23199
42 282 0.0268723 -0.732395
42 302 0.0128077 -0.41848
42 322 0.00596046 -0.230356
42 342 0.00266465 -0.122693
42 362 0.00106112 -0.0638508
42 382 0.000203752 -0.0331734
42 402 -0.000434745 -0.0179239
42 422 -0.00128026 -0.0106394
42 442 -0.00296286 -0.00727933
42 462 -0.00642666 -0.00676909
42 482 -0.00939487 -0.0122944

62 2 1.19535 51.9918
62 22 21.4761 39.7152
62 42 27.9698 16.4295
62 62 23.4879 -2.20878
62 82 16.0943 -11.8538
62 102 9.91 -14.8636
62 122 5.72949 -14.248
62 142 3.17469 -12.0424
62 162 1.70235 -9.40105
62 182 0.887483 -6.91303
62 202 0.450793 -4.83403
62 222 0.223332 -3.2305
62 242 0.107979 -2.06911
62 262 0.0509758 -1.27236
62 282 0.0235064 -0.752131
62 302 0.0105825 -0.427937
62 322 0.0046281 -0.234817
62 342 0.00191697 -0.124793
62 362 0.000658185 -0.0648866
62 382 -2.74509e-06 -0.0337984
62 402 -0.000493512 -0.0185225
62 422 -0.0010685 -0.011551
62 442 -0.00188618 -0.0088873
62 462 -0.0027696 -0.00879206
62 482 -0.00250079 -0.0104627

82 2 2.81638 89.2261
82 22 46.6745 58.4425
82 42 49.7399 11.6802
82 62 33.8363 -13.4603
82 82 19.6782 -21.106
82 102 10.7275 -20.8823
82 122 5.63968 -17.8051
82 142 2.88054 -14.0385
82 162 1.42904 -10.4818
82 182 0.686174 -7.48072
82 202 0.317169 -5.1237
82 222 0.140089 -3.374
82 242 0.0585085 -2.13803
82 262 0.0227237 -1.3044
82 282 0.00795095 -0.766533
82 302 0.0023129 -0.434199
82 322 0.000381344 -0.237465
82 342 -0.000187218 -0.12591
82 362 -0.000337956 -0.065405
82 382 -0.00042409 -0.0341335
82 402 -0.000569038 -0.0188742
82 422 -0.000807095 -0.0120214
82 442 -0.0010968 -0.00943883
82 462 -0.00124396 -0.0089847
82 482 -0.000889794 -0.00941625

102 2 8.00516 187.197
102 22 121.881 84.5875
102 42 82.2784 -18.015
102 62 39.4371 -36.8331
102 82 18.3051 -34.256
102 102 8.4118 -27.7649
102 122 3.7765 -21.3173
102 142 1.61396 -15.7969
102 162 0.627657 -11.3405
102 182 0.199617 -7.88539
102 202 0.0305018 -5.30493
102 222 -0.0244417 -3.44932
102 242 -0.0335536 -2.16579
102 262 -0.0274693 -1.31244
102 282 -0.0186854 -0.767385
102 302 -0.0114283 -0.433051
102 322 -0.00649894 -0.236187
102 342 -0.00352037 -0.125009
102 362 -0.001883 -0.064905
102 382 -0.00107425 -0.033938
102 402 -0.000742721 -0.0188848
102 422 -0.000663269 -0.012149
102 442 -0.000673868 -0.00955664
102 462 -0.000623776 -0.00888361
102 482 -0.000388378 -0.00892296

122 2 13.377 428.186
122 22 344.791 -265.8
122 42 79.236 -104.25
122 62 25.3117 -68.4455
122 82 8.27046 -46.9058
122 102 2.28963 -33.061
122 122 0.174167 -23.5503
122 142 -0.482175 -16.7002
122 162 -0.583842 -11.6631
122 182 -0.494804 -7.96412
122 202 -0.362971 -5.29199
122 222 -0.244065 -3.41107
122 242 -0.153916 -2.1284
122 262 -0.0920499 -1.28389
122 282 -0.0525255 -0.748173
122 302 -0.028708 -0.421179
122 322 -0.0150787 -0.229331
122 342 -0.00764874 -0.121284
122 362 -0.00379025 -0.0630054
122 382 -0.00189062 -0.0330448
122 402 -0.00101505 -0.0185166
122 422 -0.000641928 -0.0120244
122 442 -0.000480316 -0.00949383
122 462 -0.000362309 -0.00875199
122 482 -0.00020098 -0.00866647

142 2 -0.71894 559.571
142 22 -12.1224 -319.799
142 42 -14.485 -154.677
142 62 -11.6061 -82.3469
142 82 -8.51921 -50.6662
142 102 -6.08248 -33.8054
142 122 -4.25206 -23.3663
142 142 -2.9045 -16.2772
142 162 -1.93302 -11.2409
142 182 -1.25036 -7.61923
142 202 -0.784642 -5.03726
142 222 -0.477029 -3.2354
142 242 -0.280683 -2.01373
142 262 -0.159722 -1.21257
142 282 -0.0878557 -0.705756
142 302 -0.0467014 -0.397007
142 322 -0.0239972 -0.216121
142 342 -0.0119374 -0.114361
142 362 -0.00577636 -0.0595329
142 382 -0.00275539 -0.0313859
142 402 -0.00133765 -0.0177668
142 422 -0.00069885 -0.0116984
142 442 -0.000409529 -0.00933263
142 462 -0.000251781 -0.00862032
142 482 -0.00012381 -0.00851088

162 2 -14.1415 404.84
162 22 -326.953 -297.861
162 42 -99.6898 -102.413
162 62 -43.7014 -62.9263
162 82 -22.8414 -41.9295
162 102 -13.1786 -29.1188
162 122 -8.00154 -20.5554
162 142 -4.96095 -14.4886
162 162 -3.08231 -10.0759
162 182 -1.89645 -6.85966
162 202 -1.1466 -4.54844
162 222 -0.677734 -2.92755
162 242 -0.390272 -1.82501
162 262 -0.218413 -1.10036
162 282 -0.118592 -0.641183
162 302 -0.0624036 -0.361099
162 322 -0.0318057 -0.196848
162 342 -0.0157073 -0.104387
162 362 -0.0075337 -0.0545624
162 382 -0.00353338 -0.0290051
162 402 -0.00164728 -0.0166709
162 422 -0.00078723 -0.0112071
162 442 -0.000398529 -0.0091021
162 462 -0.000208822 -0.00848422
162 482 -9.16346e-05 -0.00839772

182 2 -8.00362 154.274
182 22 -123.78 65.2497
182 42 -87.666 -18.8299
182 62 -48.2251 -30.586
182 82 -27.4279 -26.9829
182 102 -16.2751 -21.2888
182 122 -9.92372 -16.0741
182 142 -6.12115 -11.7774
182 162 -3.77208 -8.38785
182 182 -2.30101 -5.79945
182 202 -1.38028 -3.88619
182 222 -0.81032 -2.52015
182 242 -0.463976 -1.57982
182 262 -0.258465 -0.956634
182 282 -0.139828 -0.559387
182 302 -0.0733728 -0.316
182 322 -0.0373184 -0.172796
182 342 -0.0183989 -0.0919942
182 362 -0.00880625 -0.0484001
182 382 -0.00411 -0.0260496
182 402 -0.00188961 -0.0153023
182 422 -0.000872008 -0.0105894
182 442 -0.0004126 -0.00881966
182 462 -0.000197464 -0.00833887
182 482 -8.00645e-05 -0.0083003

202 2 -2.53974 60.4095
202 22 -42.6816 38.4263
202 42 -47.7473 6.1154
202 62 -35.7369 -10.0306
202 82 -23.8645 -14.2756
202 102 -15.4397 -13.6083
202 122 -9.87788 -11.3453
202 142 -6.2618 -8.81039
202 162 -3.92058 -6.50868
202 182 -2.4143 -4.61083
202 202 -1.45661 -3.1422
202 222 -0.858261 -2.06257
202 242 -0.492633 -1.30476
202 262 -0.274921 -0.795638
202 282 -0.148951 -0.467887
202 302 -0.0782703 -0.265606
202 322 -0.0398706 -0.145939
202 342 -0.0196933 -0.0781579
202 362 -0.00944664 -0.0415146
202 382 -0.00441894 -0.0227401
202 402 -0.00203334 -0.0137633
202 422 -0.000934055 -0.00989125
202 442 -0.000435001 -0.00850219
202 462 -0.000202317 -0.00818305
202 482 -7.94279e-05 -0.00820549

222 2 -0.995336 28.0505
222 22 -18.1875 21.0777
222 42 -24.9051 8.13881
222 62 -22.791 -1.79395
222 82 -17.5844 -6.6139
222 102 -12.512 -7.90241
222 122 -8.51613 -7.38438
222 142 -5.62322 -6.13936
222 162 -3.61855 -4.74017
222 182 -2.27076 -3.46052
222 202 -1.38845 -2.40912
222 222 -0.826138 -1.60631
222 242 -0.477714 -1.02824
222 262 -0.268155 -0.632846
222 282 -0.14599 -0.374965
222 302 -0.0770454 -0.214255
222 322 -0.0394131 -0.118492
222 342 -0.0195598 -0.0639807
222 362 -0.00943983 -0.0344393
222 382 -0.00445419 -0.0193269
222 402 -0.00207587 -0.0121672
222 422 -0.000970644 -0.00916107
222 442 -0.000461579 -0.00816654
222 462 -0.000218645 -0.00801726
222 482 -8.65324e-05 -0.0081054

242 2 -0.459877 14.3393
242 22 -8.78745 11.6743
242 42 -13.3773 6.05194
242 62 -13.8429 0.679382
242 82 -11.8911 -2.77812
242 102 -9.19009 -4.30853
242 122 -6.64572 -4.52585
242 142 -4.58463 -4.03707
242 162 -3.04549 -3.2663
242 182 -1.95634 -2.46406
242 202 -1.21731 -1.75684
242 222 -0.734069 -1.19254
242 242 -0.428964 -0.773972
242 262 -0.242854 -0.481595
242 282 -0.133178 -0.287936
242 302 -0.0707496 -0.165851
242 322 -0.0364356 -0.092484
242 342 -0.0182248 -0.0504829
242 362 -0.00889108 -0.0276718
242 382 -0.00426561 -0.016044
242 402 -0.00204139 -0.0106192
242 422 -0.000993394 -0.00844214
242 442 -0.000497384 -0.0078265
242 462 -0.000248091 -0.00784107
242 482 -0.000101601 -0.00799296

262 2 -0.233988 7.6979
262 22 -4.58275 6.54916
262 42 -7.41114 3.93626
262 62 -8.28239 1.10088
262 82 -7.67487 -1.05192
262 102 -6.33252 -2.25451
262 122 -4.8273 -2.65491
262 142 -3.47028 -2.53343
262 162 -2.37989 -2.14583
262 182 -1.56697 -1.67319
262 202 -0.994024 -1.2228
262 222 -0.608671 -0.845932
262 242 -0.360131 -0.557275
262 262 -0.206016 -0.350969
262 282 -0.114016 -0.211986
262 302 -0.0611024 -0.123251
262 322 -0.0317676 -0.0694308
262 342 -0.016083 -0.0384429
262 362 -0.00798683 -0.0215966
262 382 -0.00394194 -0.0130733
262 402 -0.00197317 -0.00919984
262 422 -0.00102415 -0.00776578
262 442 -0.000553653 -0.00748966
262 462 -0.000296215 -0.00765068
262 482 -0.000126801 -0.00785927

282 2 -0.125631 4.22647
282 22 -2.49679 3.69327
282 42 -4.18949 2.42114
282 62 -4.92158 0.926493
282 82 -4.81011 -0.334853
282 102 -4.17202 -1.14598
282 122 -3.32152 -1.5068
282 142 -2.47591 -1.53002
282 162 -1.74899 -1.35251
282 182 -1.17959 -1.08847
282 202 -0.763061 -0.81502
282 222 -0.474824 -0.574703
282 242 -0.284762 -0.384463
282 262 -0.164832 -0.245232
282 282 -0.0922271 -0.149767
282 302 -0.0499863 -0.0880066
282 322 -0.0263397 -0.0501971
282 342 -0.0135858 -0.0283194
282 362 -0.00694381 -0.0164453
282 382 -0.00358766 -0.0105247
282 402 -0.00192281 -0.00795627
282 422 -0.00108947 -0.0071472
282 442 -0.000644588 -0.00715531
282 462 -0.000370461 -0.00743749
282 482 -0.00016523 -0.00769211

302 2 -0.0693119 2.33618
302 22 -1.39037 2.07775
302 42 -2.38918 1.44055
302 62 -2.90257 0.651501
302 82 -2.94644 -0.0635667
302 102 -2.65399 -0.568728
302 122 -2.18797 -0.832479
302 142 -1.68187 -0.894193
302 162 -1.21985 -0.821652
302 182 -0.841322 -0.680872
302 202 -0.554647 -0.521685
302 222 -0.350774 -0.374752
302 242 -0.213379 -0.254565
302 262 -0.125143 -0.164502
302 282 -0.0709477 -0.10165
302 302 -0.0390335 -0.0604563
302 322 -0.0209783 -0.0350187
302 342 -0.0111423 -0.0202555
302 362 -0.00596178 -0.0122957
302 382 -0.00330034 -0.00843478
302 402 -0.00193901 -0.0069007
302 422 -0.00121468 -0.00658481
302 442 -0.000783889 -0.00681402
302 462 -0.000478115 -0.00718769
302 482 -0.00021996 -0.00747547

322 2 -0.0386242 1.28729
322 22 -0.77966 1.15918
322 42 -1.36154 0.835422
322 62 -1.69332 0.419619
322 82 -1.7669 0.0234487
322 102 -1.63793 -0.275616
322 122 -1.38843 -0.448889
322 142 -1.09505 -0.507271
322 162 -0.812738 -0.482541
322 182 -0.572066 -0.410617
322 202 -0.38398 -0.3214
322 222 -0.246787 -0.23498
322 242 -0.152393 -0.162016
322 262 -0.0907253 -0.106074
322 282 -0.0522995 -0.0663664
322 302 -0.029389 -0.0400226
322 322 -0.0162799 -0.0236417
322 342 -0.0090542 -0.0141418
322 362 -0.00519002 -0.00909932
322 382 -0.00315326 -0.00677883
322 402 -0.00205805 -0.00601607
322 422 -0.00141828 -0.0060628
322 442 -0.000981274 -0.00644899
322 462 -0.000624208 -0.0068831
322 482 -0.000293075 -0.00719017

342 2 -0.0214914 0.7027
342 22 -0.435759 0.638658
342 42 -0.769723 0.473554
342 62 -0.973616 0.255814
342 82 -1.03695 0.0406389
342 102 -0.982802 -0.129899
342 122 -0.851903 -0.23624
342 142 -0.686464 -0.27965
342 162 -0.519809 -0.274387
342 182 -0.372719 -0.23914
342 202 -0.254514 -0.190879
342 222 -0.166285 -0.141878
342 242 -0.1044 -0.0992374
342 262 -0.0633046 -0.0658309
342 282 -0.0373352 -0.0417416
342 302 -0.0216547 -0.0255912
342 322 -0.0125706 -0.0155098
342 342 -0.00748974 -0.00970653
342 362 -0.00471146 -0.00672435
342 382 -0.00318532 -0.00549068
342 402 -0.00229721 -0.00526533
342 422 -0.00170737 -0.00555583
342 442 -0.00123934 -0.00603883
342 462 -0.000809503 -0.00650314
342 482 -0.000384721 -0.00681554

362 2 -0.0118487 0.378589
362 22 -0.241048 0.34662
362 42 -0.429393 0.262764
362 62 -0.55005 0.149928
362 82 -0.595091 0.035301
362 102 -0.573965 -0.0589742
362 122 -0.506672 -0.121075
362 142 -0.415784 -0.149741
362 162 -0.320496 -0.151119
362 182 -0.23382 -0.134594
362 202 -0.162432 -0.109377
362 222 -0.108033 -0.0825656
362 242 -0.0691966 -0.0585567
362 262 -0.0430081 -0.0393667
362 282 -0.02623 -0.0253342
362 302 -0.0159657 -0.015853
362 322 -0.00993312 -0.0099427
362 342 -0.006491 -0.00660569
362 362 -0.00454227 -0.00499957
362 382 -0.00339835 -0.00448426
362 402 -0.00265152 -0.00460219
362 422 -0.00207473 -0.00503492
362 442 -0.00155121 -0.0055613
362 462 -0.0010289 -0.00602777
362 482 -0.000492332 -0.0063321

382 2 -0.00644123 0.200969
382 22 -0.131385 0.185139
382 42 -0.235574 0.142954
382 62 -0.304761 0.0852787
382 82 -0.333856 0.0254084
382 102 -0.326644 -0.0252897
382 122 -0.292839 -0.0601488
382 142 -0.244218 -0.0777205
382 162 -0.191408 -0.080545
382 182 -0.142086 -0.0731933
382 202 -0.100573 -0.060482
382 222 -0.0683477 -0.0463292
382 242 -0.0449658 -0.0333072
382 262 -0.0289683 -0.0227075
382 282 -0.0185783 -0.014867
382 302 -0.0121303 -0.00955095
382 322 -0.00827018 -0.00627064
382 342 -0.00600087 -0.00449347
382 362 -0.00464227 -0.00375058
382 382 -0.00376013 -0.00367193
382 402 -0.00309386 -0.0039808
382 422 -0.0024979 -0.00447319
382 442 -0.00189948 -0.00499746
382 462 -0.00127063 -0.00544104
382 482 -0.000610217 -0.00572482

402 2 -0.00344564 0.1051
402 22 -0.0704376 0.0973591
402 42 -0.126971 0.0764196
402 62 -0.165607 0.0474116
402 82 -0.18334 0.0167662
402 102 -0.181632 -0.0098113
402 122 -0.165142 -0.0287385
402 142 -0.139878 -0.0389542
402 162 -0.111528 -0.0414571
402 182 -0.0844178 -0.0384115
402 202 -0.0611514 -0.0322526
402 222 -0.0427843 -0.0250593
402 242 -0.0292555 -0.0182654
402 262 -0.0198683 -0.0126448
402 282 -0.0136834 -0.0084535
402 302 -0.00977785 -0.00562035
402 322 -0.00737759 -0.00391562
402 342 -0.0058979 -0.00306727
402 362 -0.00493115 -0.0028239
402 382 -0.00421183 -0.00297749
402 402 -0.00357835 -0.00336327
402 422 -0.00294075 -0.00385081
402 442 -0.00225696 -0.00433557
402 462 -0.00151658 -0.00473458
402 482 -0.000729697 -0.00498666

422 2 -0.0018175 0.0541575
422 22 -0.0372283 0.0504317
422 42 -0.0674291 0.0402079
422 62 -0.0886006 0.0258844
422 82 -0.0990572 0.0105264
422 102 -0.0993316 -0.00306623
422 122 -0.0916249 -0.0130414
422 142 -0.0789372 -0.0187391
422 162 -0.0642273 -0.0205267
422 182 -0.0498394 -0.0194002
422 202 -0.0372647 -0.0165522
422 222 -0.0271792 -0.0130461
422 242 -0.0196414 -0.00964767
422 262 -0.0143345 -0.00679624
422 282 -0.0107792 -0.00466243
422 302 -0.00848039 -0.00323876
422 322 -0.00700861 -0.00242477
422 342 -0.00603032 -0.00208815
422 362 -0.00530669 -0.00209904
422 382 -0.00467833 -0.00234343
422 402 -0.00404662 -0.00272433
422 422 -0.00335754 -0.00315857
422 442 -0.0025894 -0.00357418
422 462 -0.00174401 -0.00391062
422 482 -0.000839899 -0.00412147

442 2 -0.000955655 0.0273642
442 22 -0.0196138 0.0256095
442 42 -0.0356976 0.02073
442 62 -0.0472677 0.0138266
442 82 -0.0534071 0.00632923
442 102 -0.0542882 -0.000424637
442 122 -0.0509367 -0.00551352
442 142 -0.0448254 -0.00856518
442 162 -0.0374607 -0.00970185
442 182 -0.0300796 -0.00936734
442 202 -0.0235059 -0.00812564
442 222 -0.018147 -0.00649987
442 242 -0.0140794 -0.00488166
442 262 -0.0111672 -0.00350786
442 282 -0.0091726 -0.00248219
442 302 -0.00783581 -0.00181619
442 322 -0.0069227 -0.00147012
442 342 -0.00624492 -0.00138318
442 362 -0.00566284 -0.00149107
442 382 -0.00508022 -0.00173308
442 402 -0.0044364 -0.00205322
442 422 -0.00369932 -0.0023995
442 442 -0.00286009 -0.00272378
442 462 -0.00192855 -0.00298365
442 482 -0.000929167 -0.00314568

462 2 -0.000518253 0.0131431
462 22 -0.0106596 0.0123555
462 42 -0.0195079 0.0101401
462 62 -0.0260634 0.00698022
462 82 -0.0298238 0.00351158
462 102 -0.0308289 0.000340004
462 122 -0.0295581 -0.0021037
462 142 -0.0267388 -0.00362956
462 162 -0.0231414 -0.00427206
462 182 -0.0194203 -0.00421858
462 202 -0.0160303 -0.00372082
462 222 -0.0132136 -0.00302039
462 242 -0.0110354 -0.00230429
462 262 -0.00944147 -0.00169075
462 282 -0.00831429 -0.00123644
462 302 -0.00751648 -0.000953774
462 322 -0.00691802 -0.00082915
462 342 -0.00640945 -0.000836793
462 362 -0.00590584 -0.000946909
462 382 -0.00534618 -0.00112909
462 402 -0.00469123 -0.00135306
462 422 -0.00392151 -0.00158868
462 442 -0.00303553 -0.00180665
462 462 -0.00204796 -0.00198031
462 482 -0.000986872 -0.00208825

482 2 -0.000317956 0.00507765
482 22 -0.00655412 0.00478855
482 42 -0.0120642 0.00396909
482 62 -0.0162726 0.00279367
482 82 -0.0188743 0.00149378
482 102 -0.0198648 0.000292745
482 122 -0.019491 -0.000647252
482 142 -0.0181503 -0.00125071
482 162 -0.0162785 -0.00152481
482 182 -0.0142579 -0.00153484
482 202 -0.0123648 -0.00137228
482 222 -0.0107558 -0.00112716
482 242 -0.00948395 -0.000870871
482 262 -0.00852796 -0.000649931
482 282 -0.00782418 -0.000487983
482 302 -0.00729191 -0.000391767
482 322 -0.00685046 -0.000357668
482 342 -0.00642835 -0.000376822
482 362 -0.00596741 -0.000438117
482 382 -0.00542407 -0.000529484
482 402 -0.00476983 -0.000638208
482 422 -0.00399151 -0.000751077
482 442 -0.00309127 -0.000854855
482 462 -0.00208599 -0.000937285
482 482 -0.00100525 -0.000988437

