2 2 1.95181e-05 0.0210412
2 62 0.000979152 0.0130117
2 122 0.0010703 0.000204167
2 182 0.000600949 -0.0040775
2 242 0.000208301 -0.00245909
2 302 4.76816e-05 -0.000745022
2 362 7.45642e-06 -0.000137869
2 422 8.11894e-07 -1.66859e-05
2 482 6.2258e-08 -1.36639e-06
2 542 3.38658e-09 -7.72372e-08
2 602 1.31333e-10 -3.05344e-09
2 662 3.64486e-12 -8.52084e-11
2 722 7.27196e-14 -1.69043e-12
2 782 5.55112e-16 -3.90799e-14
2 842 -2.89768e-14 -1.22741e-12
2 902 -1.40998e-12 -6.55375e-11
2 962 -4.56107e-11 -2.35156e-09
2 1022 -9.84009e-10 -5.68932e-08
2 1082 -1.41734e-08 -9.31216e-07
2 1142 -1.36344e-07 -1.03421e-05
2 1202 -8.75912e-07 -7.80969e-05
2 1262 -3.76841e-06 -0.000400808
2 1322 -1.1162e-05 -0.00138382
2 1382 -2.84816e-05 -0.0029854
2 1442 -0.000248703 0.00119585

62 2 0.00125771 0.0510928
62 62 0.0617365 0.0267288
62 122 0.0639455 -0.0088344
62 182 0.0332351 -0.0164319
62 242 0.0105087 -0.00839608
62 302 0.00217637 -0.00235806
62 362 0.000306669 -0.000416237
62 422 3.00477e-05 -4.87827e-05
62 482 2.07455e-06 -3.90677e-06
62 542 1.01802e-07 -2.17509e-07
62 602 3.57209e-09 -8.51484e-09
62 662 9.0033e-11 -2.36283e-10
62 722 1.63602e-12 -4.6767e-12
62 782 2.10942e-14 -8.27116e-14
62 842 -2.45359e-14 -1.32638e-12
62 902 -1.28281e-12 -7.00481e-11
62 962 -4.54799e-11 -2.48981e-09
62 1022 -1.10868e-09 -5.97527e-08
62 1082 -1.88136e-08 -9.71569e-07
62 1142 -2.26118e-07 -1.0738e-05
62 1202 -1.9763e-06 -8.08993e-05
62 1262 -1.31242e-05 -0.000416265
62 1322 -7.16384e-05 -0.00146223
62 1382 -0.000368588 -0.00349128
62 1442 -0.00191074 -0.00607384

122 2 0.00763684 0.267111
122 62 0.364395 0.116748
122 122 0.354683 -0.0789476
122 182 0.171418 -0.0996035
122 242 0.0507267 -0.0453803
122 302 0.00996035 -0.0118493
122 362 0.00134823 -0.00198699
122 422 0.000128306 -0.000224473
122 482 8.67867e-06 -1.75117e-05
122 542 4.20016e-07 -9.57166e-07
122 602 1.46099e-08 -3.70046e-08
122 662 3.66518e-10 -1.01877e-09
122 722 6.6509e-12 -2.00784e-11
122 782 8.72635e-14 -3.02425e-13
122 842 -1.9762e-14 -1.42564e-12
122 902 -1.09673e-12 -7.46829e-11
122 962 -3.96254e-11 -2.63957e-09
122 1022 -9.85604e-10 -6.30541e-08
122 1082 -1.70395e-08 -1.02172e-06
122 1142 -2.07195e-07 -1.12707e-05
122 1202 -1.79905e-06 -8.49448e-05
122 1262 -1.13679e-05 -0.000439096
122 1322 -5.32114e-05 -0.00156437
122 1382 -0.000180479 -0.00387625
122 1442 -0.000339225 -0.00680073

182 2 0.0385044 1.42497
182 62 1.7352 0.510349
182 122 1.49569 -0.490181
182 182 0.638351 -0.485263
182 242 0.17122 -0.196556
182 302 0.0313491 -0.0475344
182 362 0.00404585 -0.00757184
182 422 0.000372984 -0.000826349
182 482 2.4714e-05 -6.29928e-05
182 542 1.18103e-06 -3.39156e-06
182 602 4.08021e-08 -1.29911e-07
182 662 1.02115e-09 -3.55912e-09
182 722 1.85496e-11 -7.00404e-11
182 782 2.45137e-13 -1.01252e-12
182 842 -9.60343e-15 -1.50163e-12
182 902 -6.35159e-13 -7.79711e-11
182 962 -2.26674e-11 -2.74602e-09
182 1022 -5.54702e-10 -6.53999e-08
182 1082 -9.37456e-09 -1.05713e-06
182 1142 -1.10151e-07 -1.16395e-05
182 1202 -9.0486e-07 -8.76136e-05
182 1262 -5.19862e-06 -0.000452556
182 1322 -2.05286e-05 -0.00161055
182 1382 -5.17361e-05 -0.00396572
182 1442 -6.41519e-05 -0.00677787

242 2 0.180954 6.92673
242 62 7.03107 1.52026
242 122 4.64042 -2.49046
242 182 1.60133 -1.78757
242 242 0.375205 -0.622481
242 302 0.0633179 -0.138128
242 362 0.00778176 -0.0208988
242 422 0.000696856 -0.00220991
242 482 4.54185e-05 -0.000165234
242 542 2.15286e-06 -8.79564e-06
242 602 7.42084e-08 -3.34937e-07
242 662 1.86107e-09 -9.15903e-09
242 722 3.39901e-11 -1.80457e-10
242 782 4.52305e-13 -2.58893e-12
242 842 -1.11022e-15 -1.55287e-12
242 902 -2.74891e-13 -7.96153e-11
242 962 -9.48935e-12 -2.79804e-09
242 1022 -2.2355e-10 -6.65144e-08
242 1082 -3.60871e-09 -1.07335e-06
242 1142 -4.00437e-08 -1.17998e-05
242 1202 -3.05352e-07 -8.86853e-05
242 1262 -1.58641e-06 -0.000457295
242 1322 -5.45866e-06 -0.00162338
242 1382 -1.15346e-05 -0.00398097
242 1442 -1.20643e-05 -0.0067648

302 2 1.148 36.6075
302 62 25.7379 -2.11941
302 122 8.95957 -9.81867
302 182 2.22441 -4.60076
302 242 0.444983 -1.35449
302 302 0.0694124 -0.277298
302 362 0.00819852 -0.0402102
302 422 0.000720548 -0.00415383
302 482 4.66683e-05 -0.0003067
302 542 2.21601e-06 -1.623e-05
302 602 7.69497e-08 -6.17162e-07
302 662 1.95214e-09 -1.69073e-08
302 722 3.61815e-11 -3.34548e-10
302 782 4.90052e-13 -4.81326e-12
302 842 2.38698e-15 -1.59095e-12
302 902 -1.11133e-13 -8.02828e-11
302 962 -3.66329e-12 -2.8183e-09
302 1022 -8.17872e-11 -6.69275e-08
302 1082 -1.23885e-09 -1.07901e-06
302 1142 -1.27462e-08 -1.18518e-05
302 1202 -8.88799e-08 -8.90009e-05
302 1262 -4.15976e-07 -0.000458521
302 1322 -1.27354e-06 -0.00162614
302 1382 -2.39767e-06 -0.00398335
302 1442 -2.33254e-06 -0.00676187

362 2 13.8803 411.992
362 62 33.7172 -65.8155
362 122 3.7067 -21.8254
362 182 0.601977 -7.20435
362 242 0.0999086 -1.89651
362 302 0.0145183 -0.370954
362 362 0.00170834 -0.0526924
362 422 0.000155776 -0.00539446
362 482 1.07264e-05 -0.000397246
362 542 5.49181e-07 -2.10489e-05
362 602 2.07167e-08 -8.03641e-07
362 662 5.72828e-10 -2.21505e-08
362 722 1.1579e-11 -4.4171e-10
362 782 1.70974e-13 -6.4071e-12
362 842 5.55112e-16 -1.61493e-12
362 902 -5.59552e-14 -8.0571e-11
362 962 -1.78185e-12 -2.82663e-09
362 1022 -3.81285e-11 -6.7088e-08
362 1082 -5.48154e-10 -1.08106e-06
362 1142 -5.29235e-09 -1.1869e-05
362 1202 -3.4211e-08 -8.9095e-05
362 1262 -1.46832e-07 -0.000458842
362 1322 -4.1032e-07 -0.00162676
362 1382 -7.12714e-07 -0.00398378
362 1442 -6.70994e-07 -0.00676124

422 2 -8.15927 162.13
422 62 -47.1928 -32.3749
422 122 -8.86292 -16.9144
422 182 -1.91536 -6.03957
422 242 -0.368714 -1.63263
422 302 -0.0564436 -0.323846
422 362 -0.0065483 -0.0464756
422 422 -0.000563161 -0.0048019
422 482 -3.55151e-05 -0.000356845
422 542 -1.63339e-06 -1.90879e-05
422 602 -5.46376e-08 -7.3611e-07
422 662 -1.32773e-09 -2.05073e-08
422 722 -2.34314e-11 -4.13637e-10
422 782 -2.99982e-13 -6.07436e-12
422 842 -3.33067e-15 -1.61621e-12
422 902 -3.64153e-14 -8.07352e-11
422 962 -1.15458e-12 -2.83126e-09
422 1022 -2.43718e-11 -6.71741e-08
422 1082 -3.44313e-10 -1.08211e-06
422 1142 -3.2524e-09 -1.18774e-05
422 1202 -2.04695e-08 -8.91378e-05
422 1262 -8.51341e-08 -0.000458976
422 1322 -2.29825e-07 -0.00162699
422 1382 -3.85963e-07 -0.00398391
422 1442 -3.54198e-07 -0.006761

482 2 -0.504409 16.2341
482 62 -15.0673 0.755621
482 122 -7.10571 -5.12837
482 182 -2.05438 -2.78115
482 242 -0.443947 -0.870479
482 302 -0.07217 -0.184921
482 362 -0.00871772 -0.0276046
482 422 -0.000775083 -0.00292914
482 482 -5.04371e-05 -0.000222185
482 542 -2.39512e-06 -1.20938e-05
482 602 -8.28968e-08 -4.73865e-07
482 662 -2.09077e-09 -1.34038e-08
482 722 -3.84468e-11 -2.74453e-10
482 782 -5.16143e-13 -4.0985e-12
482 842 -5.66214e-15 -1.59855e-12
482 902 -2.73115e-14 -8.08499e-11
482 962 -8.56537e-13 -2.83448e-09
482 1022 -1.80393e-11 -6.72336e-08
482 1082 -2.54144e-10 -1.08283e-06
482 1142 -2.39205e-09 -1.18831e-05
482 1202 -1.49856e-08 -8.91663e-05
482 1262 -6.19624e-08 -0.000459064
482 1322 -1.66012e-07 -0.00162714
482 1382 -2.75846e-07 -0.00398399
482 1442 -2.47954e-07 -0.00676085

542 2 -0.0805616 2.78292
542 62 -3.36722 0.774565
542 122 -2.52625 -0.993057
542 182 -0.965364 -0.810787
542 242 -0.242557 -0.302457
542 302 -0.0430194 -0.0705845
542 362 -0.00549626 -0.0111594
542 422 -0.000508824 -0.00123151
542 482 -3.41962e-05 -9.62162e-05
542 542 -1.66998e-06 -5.36518e-06
542 602 -5.93146e-08 -2.14696e-07
542 662 -1.53395e-09 -6.19138e-09
542 722 -2.89221e-11 -1.29124e-10
542 782 -3.97904e-13 -1.97342e-12
542 842 -4.27436e-15 -1.57807e-12
542 902 -2.12053e-14 -8.09376e-11
542 962 -6.6902e-13 -2.83694e-09
542 1022 -1.40913e-11 -6.7279e-08
542 1082 -1.98454e-10 -1.08338e-06
542 1142 -1.86675e-09 -1.18874e-05
542 1202 -1.16835e-08 -8.91878e-05
542 1262 -4.82345e-08 -0.00045913
542 1322 -1.28892e-07 -0.00162725
542 1382 -2.13038e-07 -0.00398405
542 1442 -1.88657e-07 -0.00676073

602 2 -0.014379 0.468665
602 62 -0.666801 0.185567
602 122 -0.611988 -0.14989
602 182 -0.279623 -0.166516
602 242 -0.0797654 -0.0721594
602 302 -0.0154265 -0.018493
602 362 -0.00209478 -0.00311465
602 422 -0.000202941 -0.000359825
602 482 -1.41405e-05 -2.91257e-05
602 542 -7.11942e-07 -1.67206e-06
602 602 -2.59829e-08 -6.86184e-08
602 662 -6.8911e-10 -2.02448e-09
602 722 -1.33115e-11 -4.31331e-11
602 782 -1.87961e-13 -6.86007e-13
602 842 -2.44249e-15 -1.56564e-12
602 902 -1.7375e-14 -8.10072e-11
602 962 -5.38736e-13 -2.83889e-09
602 1022 -1.13405e-11 -6.7315e-08
602 1082 -1.59694e-10 -1.08382e-06
602 1142 -1.5018e-09 -1.18908e-05
602 1202 -9.39527e-09 -8.92049e-05
602 1262 -3.87563e-08 -0.000459182
602 1322 -1.03402e-07 -0.00162734
602 1382 -1.70313e-07 -0.00398409
602 1442 -1.49193e-07 -0.00676063

662 2 -0.00222387 0.0717676
662 62 -0.107874 0.0352336
662 122 -0.109279 -0.0153814
662 182 -0.0556568 -0.0242307
662 242 -0.0174398 -0.0119891
662 302 -0.0036331 -0.00335553
662 362 -0.000522758 -0.000602654
662 422 -5.30294e-05 -7.31398e-05
662 482 -3.83756e-06 -6.1593e-06
662 542 -1.99579e-07 -3.65541e-07
662 602 -7.49699e-09 -1.54431e-08
662 662 -2.04182e-10 -4.67748e-10
662 722 -4.04443e-12 -1.02126e-11
662 782 -5.82867e-14 -1.81188e-13
662 842 -8.88178e-16 -1.56136e-12
662 902 -1.39888e-14 -8.10637e-11
662 962 -4.42812e-13 -2.84048e-09
662 1022 -9.33004e-12 -6.73443e-08
662 1082 -1.31382e-10 -1.08417e-06
662 1142 -1.23539e-09 -1.18936e-05
662 1202 -7.72644e-09 -8.92187e-05
662 1262 -3.1855e-08 -0.000459224
662 1322 -8.48967e-08 -0.00162741
662 1382 -1.39485e-07 -0.00398413
662 1442 -1.21199e-07 -0.00676055

722 2 -0.000271824 0.014917
722 62 -0.0135233 0.00998638
722 122 -0.0144878 0.00193088
722 182 -0.0079065 -0.00140451
722 242 -0.00265198 -0.00110262
722 302 -0.000586905 -0.000367599
722 362 -8.89176e-05 -7.33285e-05
722 422 -9.42338e-06 -9.58857e-06
722 482 -7.08096e-07 -8.55608e-07
722 542 -3.80661e-08 -5.3255e-08
722 602 -1.47333e-09 -2.34376e-09
722 662 -4.12534e-11 -7.36133e-11
722 722 -8.39551e-13 -1.66145e-12
722 782 -1.31006e-14 -4.67404e-14
722 842 -1.11022e-15 -1.56103e-12
722 902 -1.249e-14 -8.11107e-11
722 962 -3.71758e-13 -2.8418e-09
722 1022 -7.81497e-12 -6.73686e-08
722 1082 -1.10034e-10 -1.08446e-06
722 1142 -1.03456e-09 -1.18959e-05
722 1202 -6.46913e-09 -8.92302e-05
722 1262 -2.66609e-08 -0.000459259
722 1322 -7.09976e-08 -0.00162746
722 1382 -1.16432e-07 -0.00398416
722 1442 -1.00541e-07 -0.00676049

782 2 -2.52408e-05 0.00855501
782 62 -0.00127793 0.0069049
782 122 -0.00141976 0.00368573
782 182 -0.000812396 0.00130455
782 242 -0.000286651 0.000305418
782 302 -6.66159e-05 4.64218e-05
782 362 -1.05551e-05 4.2893e-06
782 422 -1.16463e-06 1.793e-07
782 482 -9.07408e-08 -7.25491e-09
782 542 -5.04115e-09 -1.54036e-09
782 602 -2.01144e-10 -1.06244e-10
782 662 -5.82145e-12 -4.35019e-12
782 722 -1.49769e-13 -1.18461e-13
782 782 -3.09197e-14 -2.18714e-14
782 842 -2.88658e-14 -1.56136e-12
782 902 -3.84137e-14 -8.11502e-11
782 962 -3.43559e-13 -2.84291e-09
782 1022 -6.67e-12 -6.73891e-08
782 1082 -9.35506e-11 -1.08471e-06
782 1142 -8.79298e-10 -1.18978e-05
782 1202 -5.49736e-09 -8.92399e-05
782 1262 -2.26494e-08 -0.000459288
782 1322 -6.02789e-08 -0.00162751
782 1382 -9.87129e-08 -0.00398418
782 1442 -8.48258e-08 -0.00676043

842 2 -1.74828e-06 0.00801517
842 62 -8.97801e-05 0.00662783
842 122 -0.000102433 0.00382232
842 182 -6.0711e-05 0.0015428
842 242 -2.22831e-05 0.000437431
842 302 -5.39114e-06 8.74291e-05
842 362 -8.88164e-07 1.23583e-05
842 422 -1.01668e-07 1.23904e-06
842 482 -8.19979e-09 8.83398e-08
842 542 -4.72351e-10 4.48893e-09
842 602 -2.14199e-11 1.62876e-10
842 662 -2.65726e-12 4.22518e-12
842 722 -2.09682e-12 7.72715e-14
842 782 -2.08478e-12 -1.84297e-14
842 842 -2.08444e-12 -1.56164e-12
842 902 -2.09244e-12 -8.11839e-11
842 962 -2.35495e-12 -2.84386e-09
842 1022 -7.79915e-12 -6.74066e-08
842 1082 -8.25667e-11 -1.08492e-06
842 1142 -7.58736e-10 -1.18995e-05
842 1202 -4.7323e-09 -8.92482e-05
842 1262 -1.94866e-08 -0.000459314
842 1322 -5.1834e-08 -0.00162756
842 1382 -8.47871e-08 -0.0039842
842 1442 -7.25763e-08 -0.00676038

902 2 -9.04979e-08 0.00798089
902 62 -4.70567e-06 0.00660944
902 122 -5.4845e-06 0.00383034
902 182 -3.34321e-06 0.00155832
902 242 -1.26741e-06 0.000446474
902 302 -3.17378e-07 9.03674e-05
902 362 -5.4203e-08 1.29612e-05
902 422 -6.50849e-09 1.32133e-06
902 482 -6.37763e-10 9.60318e-08
902 542 -1.35988e-10 4.99036e-09
902 602 -1.05771e-10 1.85959e-10
902 662 -1.04476e-10 4.98218e-12
902 722 -1.04437e-10 9.4813e-14
902 782 -1.04436e-10 -1.80966e-14
902 842 -1.04436e-10 -1.56203e-12
902 902 -1.04443e-10 -8.12128e-11
902 962 -1.04671e-10 -2.84468e-09
902 1022 -1.09406e-10 -6.74218e-08
902 1082 -1.74436e-10 -1.08511e-06
902 1142 -7.62521e-10 -1.19009e-05
902 1202 -4.21808e-09 -8.92554e-05
902 1262 -1.70458e-08 -0.000459336
902 1322 -4.51519e-08 -0.00162759
902 1382 -7.37146e-08 -0.00398422
902 1442 -6.28794e-08 -0.00676034

962 2 -4.46349e-09 0.00797922
962 62 -2.33006e-07 0.0066085
962 122 -2.75612e-07 0.00383071
962 182 -1.72751e-07 0.0015591
962 242 -6.92363e-08 0.000446943
962 302 -2.04211e-08 9.05259e-05
962 362 -6.49397e-09 1.29949e-05
962 422 -3.89635e-09 1.3261e-06
962 482 -3.56778e-09 9.64924e-08
962 542 -3.53898e-09 5.02133e-09
962 602 -3.53721e-09 1.87427e-10
962 662 -3.53713e-09 5.03153e-12
962 722 -3.53713e-09 9.59233e-14
962 782 -3.53713e-09 -1.80411e-14
962 842 -3.53713e-09 -1.56247e-12
962 902 -3.53713e-09 -8.12381e-11
962 962 -3.53733e-09 -2.8454e-09
962 1022 -3.54149e-09 -6.74351e-08
962 1082 -3.59853e-09 -1.08527e-06
962 1142 -4.11415e-09 -1.19022e-05
962 1202 -7.14148e-09 -8.92617e-05
962 1262 -1.83617e-08 -0.000459355
962 1322 -4.285e-08 -0.00162762
962 1382 -6.7348e-08 -0.00398423
962 1442 -5.65983e-08 -0.0067603

1022 2 -1.66464e-09 0.00797909
1022 62 -8.96187e-08 0.00660843
1022 122 -1.23911e-07 0.00383073
1022 182 -1.13071e-07 0.00155915
1022 242 -9.43853e-08 0.000446976
1022 302 -8.46944e-08 9.0537e-05
1022 362 -8.1833e-08 1.29973e-05
1022 422 -8.12923e-08 1.32645e-06
1022 482 -8.12238e-08 9.65268e-08
1022 542 -8.12178e-08 5.02367e-09
1022 602 -8.12175e-08 1.87539e-10
1022 662 -8.12174e-08 5.03519e-12
1022 722 -8.12174e-08 9.59788e-14
1022 782 -8.12174e-08 -1.80966e-14
1022 842 -8.12174e-08 -1.56297e-12
1022 902 -8.12174e-08 -8.12606e-11
1022 962 -8.12176e-08 -2.84603e-09
1022 1022 -8.12212e-08 -6.74467e-08
1022 1082 -8.12706e-08 -1.08541e-06
1022 1142 -8.17118e-08 -1.19033e-05
1022 1202 -8.42507e-08 -8.92671e-05
1022 1262 -9.32865e-08 -0.000459371
1022 1322 -1.11032e-07 -0.00162765
1022 1382 -1.2077e-07 -0.00398424
1022 1442 -8.59765e-08 -0.00676025

1082 2 -1.05507e-08 0.00797883
1082 62 -6.11203e-07 0.00660822
1082 122 -1.02087e-06 0.00383064
1082 182 -1.20491e-06 0.00155913
1082 242 -1.25833e-06 0.000446978
1082 302 -1.26773e-06 9.05396e-05
1082 362 -1.2685e-06 1.2998e-05
1082 422 -1.26846e-06 1.32657e-06
1082 482 -1.26844e-06 9.65392e-08
1082 542 -1.26843e-06 5.02454e-09
1082 602 -1.26843e-06 1.8758e-10
1082 662 -1.26843e-06 5.03653e-12
1082 722 -1.26843e-06 9.60343e-14
1082 782 -1.26843e-06 -1.79856e-14
1082 842 -1.26843e-06 -1.56342e-12
1082 902 -1.26843e-06 -8.12794e-11
1082 962 -1.26843e-06 -2.84655e-09
1082 1022 -1.26844e-06 -6.74559e-08
1082 1082 -1.26846e-06 -1.08551e-06
1082 1142 -1.26861e-06 -1.1904e-05
1082 1202 -1.26859e-06 -8.92701e-05
1082 1262 -1.26237e-06 -0.000459375
1082 1322 -1.21643e-06 -0.00162763
1082 1382 -1.03992e-06 -0.00398415
1082 1442 -6.22173e-07 -0.00676004

1142 2 -1.05485e-07 0.00797632
1142 62 -6.13466e-06 0.00660609
1142 122 -1.04259e-05 0.0038294
1142 182 -1.25579e-05 0.00155864
1142 242 -1.33007e-05 0.000446844
1142 302 -1.34827e-05 9.05144e-05
1142 362 -1.35141e-05 1.29948e-05
1142 422 -1.3518e-05 1.32628e-06
1142 482 -1.35183e-05 9.65222e-08
1142 542 -1.35183e-05 5.02389e-09
1142 602 -1.35183e-05 1.87565e-10
1142 662 -1.35183e-05 5.03647e-12
1142 722 -1.35183e-05 9.60343e-14
1142 782 -1.35183e-05 -1.80966e-14
1142 842 -1.35183e-05 -1.56353e-12
1142 902 -1.35183e-05 -8.12823e-11
1142 962 -1.35183e-05 -2.84648e-09
1142 1022 -1.35183e-05 -6.74503e-08
1142 1082 -1.35181e-05 -1.08537e-06
1142 1142 -1.35155e-05 -1.19019e-05
1142 1202 -1.34906e-05 -8.92503e-05
1142 1262 -1.33313e-05 -0.000459257
1142 1322 -1.26338e-05 -0.00162717
1142 1382 -1.05321e-05 -0.00398291
1142 1442 -6.14748e-06 -0.00675782

1202 2 -7.733e-07 0.00795561
1202 62 -4.47761e-05 0.00658858
1202 122 -7.59818e-05 0.00381916
1202 182 -9.15306e-05 0.00155447
1202 242 -9.69962e-05 0.000445657
1202 302 -9.83558e-05 9.02775e-05
1202 362 -9.85959e-05 1.29615e-05
1202 422 -9.8626e-05 1.32298e-06
1202 482 -9.86287e-05 9.62908e-08
1202 542 -9.86289e-05 5.01236e-09
1202 602 -9.86289e-05 1.87157e-10
1202 662 -9.86289e-05 5.02609e-12
1202 722 -9.86289e-05 9.58678e-14
1202 782 -9.86289e-05 -1.80966e-14
1202 842 -9.86289e-05 -1.56131e-12
1202 902 -9.86289e-05 -8.1157e-11
1202 962 -9.86289e-05 -2.84161e-09
1202 1022 -9.86288e-05 -6.73241e-08
1202 1082 -9.8627e-05 -1.08317e-06
1202 1142 -9.86041e-05 -1.18761e-05
1202 1202 -9.83994e-05 -8.90457e-05
1202 1262 -9.71438e-05 -0.000458151
1202 1322 -9.18254e-05 -0.00162308
1202 1382 -7.61982e-05 -0.00397256
1202 1442 -4.42103e-05 -0.00673972

1262 2 -3.90542e-06 0.00783603
1262 62 -0.000225211 0.00648824
1262 122 -0.000381257 0.00376066
1262 182 -0.000458778 0.00153065
1262 242 -0.000486006 0.000438863
1262 302 -0.000492788 8.89142e-05
1262 362 -0.000493989 1.27685e-05
1262 422 -0.00049414 1.30363e-06
1262 482 -0.000494154 9.49136e-08
1262 542 -0.000494155 4.94256e-09
1262 602 -0.000494155 1.8463e-10
1262 662 -0.000494155 4.96059e-12
1262 722 -0.000494155 9.4702e-14
1262 782 -0.000494155 -1.79301e-14
1262 842 -0.000494155 -1.54515e-12
1262 902 -0.000494155 -8.02614e-11
1262 962 -0.000494155 -2.80839e-09
1262 1022 -0.000494154 -6.64953e-08
1262 1082 -0.000494145 -1.06921e-06
1262 1142 -0.000494022 -1.17167e-05
1262 1202 -0.000492945 -8.78074e-05
1262 1262 -0.000486434 -0.000451582
1262 1322 -0.000459206 -0.00159919
1262 1382 -0.00038008 -0.00391278
1262 1442 -0.000219691 -0.00663636

1322 2 -1.35591e-05 0.0073563
1322 62 -0.000779445 0.0060883
1322 122 -0.0013171 0.00352833
1322 182 -0.00158359 0.00143623
1322 242 -0.00167714 0.00041192
1322 302 -0.00170046 8.34982e-05
1322 362 -0.0017046 1.19991e-05
1322 422 -0.00170512 1.22616e-06
1322 482 -0.00170517 8.93662e-08
1322 542 -0.00170517 4.65928e-09
1322 602 -0.00170517 1.74283e-10
1322 662 -0.00170517 4.68953e-12
1322 722 -0.00170517 8.9595e-14
1322 782 -0.00170517 -1.69309e-14
1322 842 -0.00170517 -1.47105e-12
1322 902 -0.00170517 -7.62448e-11
1322 962 -0.00170517 -2.66243e-09
1322 1022 -0.00170517 -6.29203e-08
1322 1082 -0.00170514 -1.00997e-06
1322 1142 -0.00170469 -1.10502e-05
1322 1202 -0.00170083 -8.26961e-05
1322 1262 -0.00167777 -0.000424774
1322 1322 -0.00158225 -0.00150267
1322 1382 -0.00130701 -0.00367337
1322 1442 -0.00075326 -0.00622569

1382 2 -3.2428e-05 0.00601755
1382 62 -0.00186011 0.00497735
1382 122 -0.00313966 0.00288445
1382 182 -0.00377334 0.00117468
1382 242 -0.00399594 0.000337208
1382 302 -0.00405155 6.84435e-05
1382 362 -0.00406146 9.85247e-06
1382 422 -0.00406272 1.0089e-06
1382 482 -0.00406283 7.37112e-08
1382 542 -0.00406284 3.85379e-09
1382 602 -0.00406284 1.44602e-10
1382 662 -0.00406284 3.90404e-12
1382 722 -0.00406284 7.46625e-14
1382 782 -0.00406284 -1.43219e-14
1382 842 -0.00406284 -1.23901e-12
1382 902 -0.00406284 -6.39219e-11
1382 962 -0.00406284 -2.22226e-09
1382 1022 -0.00406284 -5.23059e-08
1382 1082 -0.00406275 -8.36534e-07
1382 1142 -0.00406164 -9.1229e-06
1382 1202 -0.00405215 -6.80797e-05
1382 1262 -0.003996 -0.000348848
1382 1322 -0.00376533 -0.00123158
1382 1382 -0.00310539 -0.00300576
1382 1442 -0.00178573 -0.0050877

1442 2 -5.35073e-05 0.00341306
1442 62 -0.00306572 0.00282201
1442 122 -0.00517256 0.00163613
1442 182 -0.0062168 0.00066709
1442 242 -0.00658451 0.000191855
1442 302 -0.00667672 3.90396e-05
1442 362 -0.00669323 5.63755e-06
1442 422 -0.00669535 5.79472e-07
1442 482 -0.00669554 4.25226e-08
1442 542 -0.00669555 2.23422e-09
1442 602 -0.00669555 8.42957e-11
1442 662 -0.00669555 2.28967e-12
1442 722 -0.00669555 4.40759e-14
1442 782 -0.00669555 -8.52096e-15
1442 842 -0.00669555 -7.36328e-13
1442 902 -0.00669555 -3.76861e-11
1442 962 -0.00669555 -1.3007e-09
1442 1022 -0.00669555 -3.04156e-08
1442 1082 -0.00669539 -4.83627e-07
1442 1142 -0.00669349 -5.24754e-06
1442 1202 -0.00667742 -3.89897e-05
1442 1262 -0.00658313 -0.000199062
1442 1322 -0.00619879 -0.000700716
1442 1382 -0.00510602 -0.00170629
1442 1442 -0.00293152 -0.0028835

