2 2 -0.547986 -218.062
2 7 -3.2152 -204.987
2 12 -5.54055 -174.357
2 17 -7.16931 -130.243
2 22 -7.81492 -79.438
2 27 -7.48195 -29.945
2 32 -6.4931 11.7481
2 37 -5.26635 42.4641
2 42 -4.10248 62.1231
2 47 -3.13672 72.4317
2 52 -2.3911 75.6688
2 57 -1.83609 73.9931
2 62 -1.42856 69.1769
2 67 -1.12865 62.5666
2 72 -0.90489 55.1339
2 77 -0.734347 47.5504
2 82 -0.601059 40.2577
2 87 -0.494263 33.5268
2 92 -0.406852 27.5047
2 97 -0.334175 22.2503
2 102 -0.273181 17.7626
2 107 -0.221812 14.0008
2 112 -0.178614 10.9007
2 117 -0.142478 8.38597
2 122 -0.112493 6.376
2 127 -0.0878604 4.79209
2 132 -0.0678541 3.56082
2 137 -0.0518021 2.61624
2 142 -0.0390857 1.9009
2 147 -0.0291417 1.36597
2 152 -0.0214667 0.970891
2 157 -0.0156197 0.682664
2 162 -0.0112219 0.474919
2 167 -0.00795471 0.326955
2 172 -0.00555524 0.222785
2 177 -0.00381036 0.150248
2 182 -0.00254978 0.100214
2 187 -0.00163866 0.0659093
2 192 -0.000969779 0.0423322
2 197 -0.00045506 0.0257711
2 202 -1.51246e-05 0.0133802
2 207 0.000436542 0.00277213
2 212 0.00102402 -0.008471
2 217 0.0019811 -0.0236027
2 222 0.00385496 -0.0484939
2 227 0.00819238 -0.0966251
2 232 0.020422 -0.206524
2 237 0.0665441 -0.522552
2 242 0.361013 -1.88757
2 247 7.84472 -16.2909

7 2 -2.99413 -227.128
7 7 -17.6045 -213.45
7 12 -30.4228 -181.1
7 17 -39.3104 -133.973
7 22 -42.3672 -79.5184
7 27 -39.595 -27.0655
7 32 -33.1274 16.0651
7 37 -25.5892 46.8686
7 42 -18.7175 65.8911
7 47 -13.1992 75.3578
7 52 -9.07773 77.8157
7 57 -6.13262 75.5151
7 62 -4.08782 70.2329
7 67 -2.69676 63.2894
7 72 -1.76524 55.6249
7 77 -1.14958 47.8828
7 82 -0.747291 40.4831
7 87 -0.486974 33.6807
7 92 -0.319822 27.6109
7 97 -0.212995 22.325
7 102 -0.144733 17.8161
7 107 -0.100842 14.0401
7 112 -0.072212 10.9303
7 117 -0.0530903 8.40864
7 122 -0.0399074 6.39366
7 127 -0.0304825 4.80597
7 132 -0.0234996 3.57177
7 137 -0.0181691 2.62489
7 142 -0.0140129 1.90769
7 147 -0.0107333 1.37127
7 152 -0.00813435 0.974995
7 157 -0.00607643 0.68581
7 162 -0.004452 0.477309
7 167 -0.00317213 0.328757
7 172 -0.00215963 0.224141
7 177 -0.00134483 0.151275
7 182 -0.000662005 0.101013
7 187 -4.47691e-05 0.0665676
7 192 0.000581587 0.0429365
7 197 0.00131396 0.0264198
7 202 0.00229853 0.0142107
7 207 0.0037873 0.00401693
7 212 0.00626585 -0.0063535
7 217 0.0107676 -0.0195843
7 222 0.0197292 -0.0399543
7 227 0.0396179 -0.0757947
7 232 0.0902452 -0.145276
7 237 0.243326 -0.285978
7 242 0.789997 -0.491003
7 247 2.23056 0.408515

12 2 -5.401 -248.02
12 7 -32.0097 -233.246
12 12 -56.1683 -197.262
12 17 -73.4304 -142.84
12 22 -78.7369 -78.9739
12 27 -71.8222 -19.1634
12 32 -58.1449 26.9665
12 37 -43.5163 57.4004
12 42 -30.979 74.5598
12 47 -21.3297 81.9081
12 52 -14.3278 82.5239
12 57 -9.42653 78.7924
12 62 -6.08039 72.4625
12 67 -3.84141 64.7784
12 72 -2.3707 56.6027
12 77 -1.42277 48.5144
12 82 -0.824448 40.884
12 87 -0.455927 33.9304
12 92 -0.235646 27.7634
12 97 -0.108956 22.4159
12 102 -0.0398504 17.869
12 107 -0.00505048 14.0701
12 112 0.0101609 10.9469
12 117 0.0148374 8.41757
12 122 0.0143589 6.39845
12 127 0.0117768 4.80862
12 132 0.00870953 3.57338
12 137 0.00592551 2.62601
12 142 0.00371461 1.90861
12 147 0.00211689 1.37208
12 152 0.00105842 0.975741
12 157 0.000427407 0.686496
12 162 0.000113814 0.477934
12 167 2.73123e-05 0.329325
12 172 0.000103564 0.224663
12 177 0.000305054 0.151773
12 182 0.000620573 0.101522
12 187 0.00106633 0.0671378
12 192 0.0016916 0.0436458
12 197 0.00259333 0.0273936
12 202 0.00394787 0.0156655
12 207 0.00607806 0.00635321
12 212 0.00959703 -0.00233991
12 217 0.0157289 -0.0121888
12 222 0.0270558 -0.0252106
12 227 0.0493052 -0.0435972
12 232 0.0954269 -0.0675134
12 237 0.191597 -0.0822221
12 242 0.355646 -0.00921757
12 247 0.387154 0.306083

17 2 -7.91443 -281.299
17 7 -47.6709 -265.908
17 12 -86.6116 -225.796
17 17 -117.1 -158.857
17 22 -125.051 -75.8479
17 27 -108.718 -2.4762
17 32 -83.0181 46.9182
17 37 -59.2181 74.8985
17 42 -40.6759 88.0722
17 47 -27.2368 91.7078
17 52 -17.8488 89.379
17 57 -11.444 83.4711
17 62 -7.15688 75.5927
17 67 -4.33966 66.8335
17 72 -2.5252 57.9252
17 77 -1.38403 49.346
17 82 -0.687401 41.3925
17 87 -0.278761 34.2302
17 92 -0.0524467 27.9313
17 97 0.0617388 22.503
17 102 0.109584 17.9083
17 107 0.120295 14.0825
17 112 0.111979 10.9453
17 117 0.0954474 8.40978
17 122 0.0768179 6.38871
17 127 0.0592735 4.79919
17 132 0.0442285 3.56526
17 137 0.0320849 2.61952
17 142 0.0227114 1.90369
17 147 0.0157338 1.36851
17 152 0.0107036 0.973259
17 157 0.00718899 0.684846
17 162 0.00481701 0.476901
17 167 0.00328839 0.328742
17 172 0.00237747 0.224411
17 177 0.00192574 0.151778
17 182 0.00183401 0.101749
17 187 0.00205711 0.0675963
17 192 0.0026039 0.0443907
17 197 0.00354647 0.0285479
17 202 0.00504461 0.0174608
17 207 0.00739755 0.00921631
17 212 0.0111447 0.00238989
17 217 0.0172542 -0.00405222
17 222 0.0274507 -0.0106272
17 227 0.0446477 -0.0166164
17 232 0.07283 -0.0178238
17 237 0.112977 -0.00168886
17 242 0.145518 0.0544604
17 247 0.10634 0.147646

22 2 -10.1282 -326.784
22 7 -62.5918 -313.465
22 12 -121.541 -273.984
22 17 -180.196 -189.968
22 22 -193.599 -63.5865
22 27 -151.098 32.474
22 32 -104.676 79.9229
22 37 -70.0852 100.045
22 42 -46.1501 105.964
22 47 -29.9106 104.065
22 52 -19.0102 97.7554
22 57 -11.7759 89.0584
22 62 -7.04288 79.2568
22 67 -4.0031 69.1893
22 72 -2.09742 59.4033
22 77 -0.940936 50.2444
22 82 -0.270696 41.9152
22 87 0.0910708 34.5149
22 92 0.262971 28.0698
22 97 0.32281 22.5552
22 102 0.320541 17.9127
22 107 0.287342 14.0628
22 112 0.241938 10.9158
22 117 0.194958 8.37858
22 122 0.151909 6.35995
22 127 0.11517 4.77467
22 132 0.0853022 3.54543
22 137 0.0618968 2.60409
22 142 0.0440949 1.89207
22 147 0.0308992 1.36
22 152 0.0213447 0.967183
22 157 0.0145831 0.680623
22 162 0.00991334 0.474054
22 167 0.00678307 0.326904
22 172 0.00477512 0.223311
22 177 0.00358853 0.151229
22 182 0.00301976 0.101637
22 187 0.00294752 0.0678701
22 192 0.00332374 0.0450651
22 197 0.0041727 0.0297116
22 202 0.00560118 0.0193036
22 207 0.0078232 0.0120813
22 212 0.0112023 0.00686628
22 217 0.0163057 0.00301305
22 222 0.0239248 0.000540622
22 227 0.0348831 0.000552662
22 232 0.0491007 0.00595317
22 237 0.0629186 0.0216076
22 242 0.064995 0.0505574
22 247 0.0393661 0.0828752

27 2 -11.1077 -380.88
27 7 -70.384 -374.811
27 12 -148.607 -353.596
27 17 -276.536 -277.905
27 22 -319.341 -1.49816
27 27 -186.385 104.982
27 32 -114.263 128.065
27 37 -72.0498 131.412
27 42 -45.5627 126.612
27 47 -28.4606 117.707
27 52 -17.3406 106.731
27 57 -10.1513 94.8995
27 62 -5.5724 82.9928
27 67 -2.72545 71.5211
27 72 -1.01734 60.8094
27 77 -0.0465736 51.0505
27 82 0.457425 42.3411
27 87 0.67519 34.7075
27 92 0.725377 28.1254
27 97 0.684366 22.5357
27 102 0.599945 17.8567
27 107 0.500836 13.9936
27 112 0.403288 10.8465
27 117 0.315596 8.31588
27 122 0.241156 6.30668
27 127 0.180506 4.73136
27 132 0.132641 3.51139
27 137 0.0958447 2.57807
27 142 0.0681934 1.87264
27 147 0.0478352 1.34581
27 152 0.0331312 0.957029
27 157 0.0227096 0.673507
27 162 0.0154689 0.469183
27 167 0.0105544 0.323669
27 172 0.00732409 0.221263
27 177 0.005311 0.150048
27 182 0.00418992 0.101112
27 187 0.00374925 0.0678797
27 192 0.00387032 0.0455653
27 197 0.0045143 0.0307341
27 202 0.0057165 0.0209625
27 207 0.00758603 0.0145895
27 212 0.0103047 0.010554
27 217 0.0141055 0.00832204
27 222 0.0191831 0.00790669
27 227 0.0254299 0.0099496
27 232 0.0318483 0.0156876
27 237 0.0356726 0.0262866
27 242 0.0321882 0.0408429
27 247 0.017642 0.0539588

32 2 -10.2969 564.481
32 7 -65.3377 560.353
32 12 -138.562 546.396
32 17 -261.637 486.336
32 22 -289.859 295.191
32 27 -167.203 207.481
32 32 -100.9 181.654
32 37 -62.142 163.661
32 42 -37.9718 147.039
32 47 -22.5528 130.852
32 52 -12.7129 115.17
32 57 -6.52079 100.24
32 62 -2.72734 86.2885
32 67 -0.501651 73.4764
32 72 0.7147 61.8996
32 77 1.29669 51.5951
32 82 1.49408 42.5532
32 87 1.47085 34.7269
32 92 1.33241 28.0421
32 97 1.14448 22.4059
32 102 0.946282 17.7139
32 107 0.759616 13.8568
32 112 0.595158 10.725
32 117 0.456715 8.21327
32 122 0.344089 6.22322
32 127 0.254946 4.66543
32 132 0.186005 3.46057
32 137 0.13376 2.53973
32 142 0.0948903 1.84426
32 147 0.066462 1.32519
32 152 0.0460091 0.942296
32 157 0.0315325 0.663169
32 162 0.0214601 0.462068
32 167 0.0145878 0.318889
32 172 0.0100164 0.218161
32 177 0.0070912 0.148155
32 182 0.00534974 0.100106
32 187 0.00447847 0.067555
32 192 0.004279 0.0458083
32 197 0.0046424 0.0315085
32 202 0.00552977 0.0222988
32 207 0.0069546 0.0165744
32 212 0.00895933 0.0133097
32 217 0.0115708 0.0119479
32 222 0.014709 0.0123333
32 227 0.0180194 0.0146339
32 232 0.020636 0.019142
32 237 0.0210343 0.0257973
32 242 0.0174118 0.0334489
32 247 0.00900263 0.0395048

37 2 -7.37743 519.59
37 7 -45.7119 509.093
37 12 -88.9851 479.17
37 17 -130.046 416.602
37 22 -136.006 343.473
37 27 -104.258 268.917
37 32 -68.5058 222.402
37 37 -42.052 189.934
37 42 -24.2234 163.967
37 47 -12.6684 141.663
37 52 -5.42957 121.939
37 57 -1.0876 104.342
37 62 1.3504 88.6465
37 67 2.56729 74.7157
37 72 3.02627 62.4403
37 77 3.03686 51.7173
37 82 2.80201 42.4403
37 87 2.45144 34.4965
37 92 2.06511 27.7672
37 97 1.68972 22.1296
37 102 1.35006 17.4596
37 107 1.05701 13.6354
37 112 0.812874 10.5398
37 117 0.615061 8.06305
37 122 0.458451 6.10435
37 127 0.336933 4.57338
37 132 0.244328 3.39064
37 137 0.174918 2.48752
37 142 0.123694 1.80591
37 147 0.0864497 1.29745
37 152 0.0597587 0.922541
37 157 0.0409069 0.649316
37 162 0.0277928 0.452517
37 167 0.0188236 0.312434
37 172 0.0128169 0.213916
37 177 0.00891237 0.145484
37 182 0.00649853 0.0985641
37 187 0.00515203 0.066843
37 192 0.00459015 0.0457387
37 197 0.00463332 0.031976
37 202 0.00517484 0.0232574
37 207 0.00615325 0.0180133
37 212 0.00752137 0.015219
37 217 0.00920385 0.0142604
37 222 0.0110351 0.0148261
37 227 0.0126792 0.0167893
37 232 0.0135654 0.0200348
37 237 0.0129318 0.0242087
37 242 0.0101088 0.0284828
37 247 0.00504049 0.03159

42 2 -3.90536 491.317
42 7 -23.6323 479.23
42 12 -43.056 449.065
42 17 -57.073 400.432
42 22 -58.3951 352.025
42 27 -47.2871 293.799
42 32 -30.9847 245.538
42 37 -16.7032 206.906
42 42 -6.46333 175.308
42 47 0.0827788 148.79
42 52 3.85619 126.139
42 57 5.72934 106.593
42 62 6.37839 89.6494
42 67 6.28589 74.9523
42 72 5.7804 62.2348
42 77 5.07751 51.2818
42 82 4.31324 41.9098
42 87 3.56907 33.9531
42 92 2.88984 27.2577
42 97 2.29647 21.6775
42 102 1.79478 17.074
42 107 1.38151 13.3162
42 112 1.04845 10.282
42 117 0.785109 7.85912
42 122 0.580438 5.94604
42 127 0.423859 4.45254
42 132 0.305833 3.29982
42 137 0.218112 2.42027
42 142 0.153794 1.75682
42 147 0.107255 1.2621
42 152 0.0740193 0.897439
42 157 0.0505956 0.631737
42 162 0.0343132 0.44039
42 167 0.0231646 0.304213
42 172 0.015667 0.208466
42 177 0.010744 0.141988
42 182 0.00762799 0.0964478
42 187 0.00578232 0.0657116
42 192 0.00483927 0.0453287
42 197 0.00455195 0.0321174
42 202 0.00475549 0.0238414
42 207 0.00533394 0.0189624
42 212 0.00618858 0.0164526
42 217 0.00720393 0.0156516
42 222 0.00821099 0.016149
42 227 0.00895564 0.0176715
42 232 0.00909485 0.019961
42 237 0.00825903 0.0226513
42 242 0.0062062 0.0251967
42 247 0.00302294 0.0269405

47 2 -0.626401 480.12
47 7 -3.80624 467.987
47 12 -6.7838 439.402
47 17 -8.06552 396.922
47 22 -6.09487 355.892
47 27 -1.12379 303.822
47 32 5.03094 256.069
47 37 10.089 214.987
47 42 13.1722 180.469
47 47 14.4184 151.555
47 52 14.3207 127.213
47 57 13.3766 106.583
47 62 11.9755 89.0055
47 67 10.3885 73.9838
47 72 8.79096 61.1439
47 77 7.28797 50.194
47 82 5.93608 40.8974
47 87 4.75947 33.0532
47 92 3.76159 26.4842
47 97 2.93332 21.0301
47 102 2.25854 16.5439
47 107 1.71791 12.8904
47 112 1.29135 9.94581
47 117 0.959589 7.59781
47 122 0.705054 5.74589
47 127 0.512308 4.30136
47 132 0.368194 3.18715
47 137 0.26177 2.33738
47 142 0.18413 1.69661
47 147 0.128171 1.21891
47 152 0.0883214 0.866841
47 157 0.0602901 0.61034
47 162 0.0408212 0.425632
47 167 0.0274836 0.294188
47 172 0.0184893 0.201784
47 177 0.0125433 0.137648
47 182 0.00872135 0.0937426
47 187 0.00637409 0.0641496
47 192 0.00505145 0.0445737
47 197 0.00444445 0.0319411
47 202 0.00433957 0.0240858
47 207 0.0045821 0.019507
47 212 0.00504523 0.0171838
47 217 0.00560309 0.0164331
47 222 0.0061087 0.0167957
47 227 0.00638265 0.0179391
47 232 0.00622334 0.0195722
47 237 0.00545076 0.0213795
47 242 0.00398245 0.0229971
47 247 0.00191037 0.0240571

52 2 2.40789 484.626
52 7 14.1211 472.087
52 12 24.4385 442.932
52 17 32.3195 400.346
52 22 37.3758 359.492
52 27 39.6446 307.079
52 32 39.1656 258.102
52 37 36.7456 215.445
52 42 33.207 179.574
52 47 29.1895 149.749
52 52 25.1179 124.916
52 57 21.2456 104.111
52 62 17.7088 86.5688
52 67 14.5692 71.7096
52 72 11.8426 59.1003
52 77 9.51709 48.4094
52 82 7.56459 39.3744
52 87 5.9485 31.7784
52 92 4.62858 25.4351
52 97 3.56414 20.1801
52 102 2.7162 15.8651
52 107 2.04874 12.3556
52 112 1.52949 9.52988
52 117 1.13017 7.27839
52 122 0.826573 5.50358
52 127 0.598365 4.11973
52 132 0.428747 3.05261
52 137 0.304086 2.23889
52 142 0.213489 1.62534
52 147 0.148385 1.16793
52 152 0.102127 0.830807
52 157 0.0696362 0.585174
52 162 0.0470865 0.408277
52 167 0.0316336 0.282385
52 172 0.0211932 0.193887
52 177 0.0142584 0.132476
52 182 0.00975424 0.0904569
52 187 0.00692377 0.0621656
52 192 0.00523994 0.0434867
52 197 0.00433798 0.0314722
52 202 0.00396391 0.0240384
52 207 0.0039349 0.019733
52 212 0.00410865 0.0175561
52 217 0.00436018 0.0168236
52 222 0.00456627 0.0170616
52 227 0.00460031 0.0179228
52 232 0.00434117 0.0191232
52 237 0.00369827 0.0203998
52 242 0.00264695 0.0214978
52 247 0.00125742 0.0221924

57 2 5.42952 504.137
57 7 31.9882 490.377
57 12 55.5902 457.894
57 17 72.6147 409.696
57 22 80.6798 363.536
57 27 80.0982 305.328
57 32 72.8053 252.836
57 37 62.7894 208.765
57 42 52.6107 172.752
57 47 43.385 143.385
57 52 35.4284 119.24
57 57 28.7216 99.1736
57 62 23.1337 82.343
57 67 18.512 68.1383
57 72 14.7127 56.1147
57 77 11.6086 45.939
57 82 9.08937 37.3508
57 87 7.05967 30.1375
57 92 5.43737 24.1181
57 97 4.15166 19.1339
57 102 3.14182 15.0426
57 107 2.356 11.7157
57 112 1.75039 9.03737
57 117 1.28823 6.90331
57 122 0.939071 5.22097
57 127 0.677971 3.90908
57 132 0.484725 2.89728
57 137 0.343187 2.12558
57 142 0.240608 1.54358
57 147 0.167052 1.10959
57 152 0.114873 0.789629
57 157 0.0782638 0.556442
57 162 0.0528681 0.388467
57 167 0.0354603 0.268901
57 172 0.0236824 0.184842
57 177 0.0158325 0.126515
57 182 0.0106969 0.0866223
57 187 0.00742074 0.0597851
57 192 0.00540763 0.0420942
57 197 0.00424414 0.0307445
57 202 0.00364278 0.0237487
57 207 0.00339963 0.0197148
57 212 0.00336303 0.0176772
57 217 0.00341155 0.0169672
57 222 0.00344031 0.0171165
57 227 0.00335613 0.0177845
57 232 0.00308174 0.0187062
57 237 0.00256806 0.0196602
57 242 0.00180967 0.020457
57 247 0.000854745 0.0209462

62 2 8.61905 539.143
62 7 51.3195 523.869
62 12 91.0344 485.94
62 17 120.415 425.828
62 22 131.536 367.148
62 27 124.674 296.546
62 32 106.957 238.816
62 37 87.5406 194.374
62 42 70.2693 159.953
62 47 55.9775 132.623
62 52 44.4466 110.388
62 57 35.2133 91.9559
62 62 27.8284 76.4793
62 67 21.92 63.3863
62 72 17.1933 52.2748
62 77 13.4171 42.848
62 82 10.4087 34.8749
62 87 8.02184 28.1661
62 92 6.13823 22.5593
62 97 4.66115 17.9107
62 102 3.51115 14.0906
62 107 2.6228 10.9813
62 112 1.94232 8.47593
62 117 1.42565 6.47816
62 122 1.03695 4.90213
62 127 0.747287 3.67233
62 132 0.533508 2.72325
62 137 0.377292 1.99895
62 142 0.264283 1.4524
62 147 0.183365 1.04461
62 152 0.126023 0.743824
62 157 0.0858178 0.524502
62 162 0.0579338 0.366446
62 167 0.0388141 0.253901
62 172 0.0258629 0.17476
62 177 0.0172085 0.119843
62 182 0.0115174 0.0822921
62 187 0.00784977 0.0570488
62 192 0.00554996 0.0404319
62 197 0.00416363 0.0297962
62 202 0.00337616 0.0232632
62 207 0.00296748 0.0195129
62 212 0.00277955 0.0176241
62 217 0.00269404 0.0169556
62 222 0.00261834 0.0170564
62 227 0.00247921 0.0176017
62 232 0.00222265 0.0183478
62 237 0.00181847 0.0191044
62 242 0.00126598 0.019722
62 247 0.000596324 0.0200914

67 2 11.7963 590.332
67 7 71.6702 575.169
67 12 133.591 533.375
67 17 187.009 453.441
67 22 202.165 366.475
67 27 176.88 273.236
67 32 140.316 212.101
67 37 108.968 171.194
67 42 84.5552 141.302
67 47 65.8236 117.919
67 52 51.394 98.8287
67 57 40.1919 82.844
67 62 31.4319 69.2713
67 67 24.5446 57.6699
67 72 19.112 47.7373
67 77 14.8225 39.2494
67 82 11.4387 32.0283
67 87 8.77622 25.9232
67 92 6.6899 20.8013
67 97 5.06364 16.5413
67 102 3.8039 13.0314
67 107 2.83495 10.1684
67 112 2.09539 7.85719
67 117 1.53556 6.0113
67 122 1.11545 4.55307
67 127 0.803023 3.41377
67 132 0.572837 2.53357
67 137 0.40486 1.86117
67 142 0.283472 1.3533
67 147 0.19662 0.974067
67 152 0.135106 0.69412
67 157 0.0919865 0.489851
67 162 0.0620792 0.342553
67 167 0.0415626 0.237614
67 172 0.0276504 0.163794
67 177 0.0183348 0.112563
67 182 0.0121852 0.0775385
67 187 0.00819402 0.0540092
67 192 0.00565807 0.0385422
67 197 0.00409069 0.0286666
67 202 0.00315624 0.0226239
67 207 0.00262256 0.0191747
67 212 0.00232704 0.0174512
67 217 0.00215337 0.0168468
67 222 0.00201663 0.0169347
67 227 0.00185502 0.01741
67 232 0.00162664 0.0180492
67 237 0.00130956 0.0186855
67 242 0.000902704 0.019195
67 247 0.000425061 0.0194927

72 2 14.1101 655.914
72 7 87.7471 645.711
72 12 176.55 614.242
72 17 296.686 520.442
72 22 327.03 338.914
72 27 231.385 216.481
72 32 165.715 168.377
72 37 123.04 139.404
72 42 93.383 117.862
72 47 71.8018 100.294
72 52 55.6255 85.3585
72 57 43.2615 72.4215
72 62 33.6884 61.1367
72 67 26.2144 51.2858
72 72 20.3513 42.7129
72 77 15.7429 35.2933
72 82 12.1215 28.9178
72 87 9.2819 23.4853
72 92 7.06338 18.899
72 97 5.33856 15.0652
72 102 4.00549 11.8935
72 107 2.98212 9.29752
72 112 2.20232 7.19588
72 117 1.61285 5.5133
72 122 1.17099 4.18132
72 127 0.842701 3.13878
72 132 0.601001 2.33205
72 137 0.424716 1.71489
72 142 0.297371 1.24816
72 147 0.206275 0.899246
72 152 0.141758 0.641412
72 157 0.096526 0.453104
72 162 0.0651432 0.317205
72 167 0.043601 0.220322
72 172 0.0289779 0.152136
72 177 0.0191689 0.104803
72 182 0.0126745 0.0724486
72 187 0.00843785 0.0507282
72 192 0.00572185 0.0364721
72 197 0.0040167 0.0273952
72 202 0.00297198 0.0218676
72 207 0.00234722 0.0187377
72 212 0.00197686 0.0171967
72 217 0.00174597 0.0166776
72 222 0.00157431 0.0167815
72 227 0.00140658 0.0172249
72 232 0.00120713 0.0178032
72 237 0.000957385 0.0183676
72 242 0.000654345 0.0188119
72 247 0.000308578 0.0190661

77 2 14.3605 -271.572
77 7 89.698 -272.378
77 12 183.813 -271.023
77 17 339.197 -239.4
77 22 403.184 60.3481
77 27 243.878 115.706
77 32 169.969 112.669
77 37 125.436 103.096
77 42 95.1479 92.2507
77 47 73.2376 81.4166
77 52 56.8185 71.0671
77 57 44.2465 61.4177
77 62 34.4905 52.5729
77 67 26.858 44.5784
77 72 20.861 37.4429
77 77 16.1417 31.15
77 82 12.4305 25.6649
77 87 9.51918 20.9392
77 92 7.24412 16.9148
77 97 5.47522 13.5273
77 102 4.10809 10.7091
77 107 3.05864 8.39186
77 112 2.25901 6.50867
77 117 1.65456 4.99612
77 122 1.20148 3.79544
77 127 0.864835 2.85343
77 132 0.616956 2.12298
77 137 0.436131 1.56316
77 142 0.305475 1.1391
77 147 0.211982 0.821623
77 152 0.145741 0.586717
77 157 0.0992775 0.414957
77 162 0.0670201 0.290875
77 167 0.0448594 0.202345
77 172 0.0297998 0.139999
77 177 0.019682 0.0967081
77 182 0.0129667 0.0671203
77 187 0.00856915 0.0472735
77 192 0.00573222 0.0342711
77 197 0.00393279 0.0260208
77 202 0.00281198 0.0210275
77 207 0.00212492 0.0182318
77 212 0.0017048 0.0168879
77 217 0.00143805 0.0164715
77 222 0.00124754 0.0166136
77 227 0.00108179 0.0170523
77 232 0.000908377 0.0176004
77 237 0.000709942 0.018124
77 242 0.000481453 0.0185298
77 247 0.000227699 0.0187574

82 2 12.5163 -203.448
82 7 76.6926 -197.429
82 12 146.939 -176.65
82 17 218.159 -121.374
82 22 239.121 -24.3876
82 27 196.276 40.5668
82 32 150.806 64.0084
82 37 116.041 69.6288
82 42 90.0575 68.0017
82 47 70.3368 63.2359
82 52 55.1239 57.1344
82 57 43.2466 50.5906
82 62 33.9002 44.0868
82 67 26.5123 37.8956
82 72 20.6618 32.1703
82 77 16.0303 26.9917
82 82 12.3711 22.3924
82 87 9.49021 18.3731
82 92 7.23255 14.9123
82 97 5.47319 11.9737
82 102 4.11096 9.51165
82 107 3.06367 7.47555
82 112 2.26467 5.81298
82 117 1.66004 4.47228
82 122 1.20638 3.4044
82 127 0.869001 2.56413
82 132 0.620375 1.91091
82 137 0.438863 1.40917
82 142 0.307608 1.02836
82 147 0.213614 0.74276
82 152 0.146964 0.531113
82 157 0.100177 0.376148
82 162 0.0676653 0.264067
82 167 0.0453077 0.184022
82 172 0.0300961 0.127613
82 177 0.0198605 0.0884309
82 182 0.0130528 0.0616572
82 187 0.00858104 0.0437162
82 192 0.00568288 0.0319891
82 197 0.00383159 0.0245805
82 202 0.00266629 0.0201326
82 207 0.00194156 0.0176811
82 212 0.0014914 0.0165451
82 217 0.00120405 0.0162445
82 222 0.00100489 0.0164407
82 227 0.00084497 0.0168935
82 232 0.000693709 0.0174321
82 237 0.000534109 0.0179352
82 242 0.000359458 0.0183191
82 247 0.000170635 0.0185311

87 2 9.72745 -147.669
87 7 58.2778 -140.179
87 12 105.111 -119.386
87 17 142.599 -81.6343
87 22 156.468 -32.7059
87 27 144.769 8.39504
87 32 122.347 32.6734
87 37 99.7501 44.0509
87 42 80.2421 47.8002
87 47 64.175 47.315
87 52 51.1382 44.5365
87 57 40.6119 40.5822
87 62 32.1307 36.1161
87 67 25.3098 31.5432
87 72 19.8375 27.1127
87 77 15.4617 22.9747
87 82 11.9773 19.2136
87 87 9.21688 15.8696
87 92 7.04275 12.9517
87 97 5.34156 10.4481
87 102 4.01992 8.33301
87 107 3.00097 6.57187
87 112 2.22172 5.1257
87 117 1.63082 3.95401
87 122 1.18666 3.017
87 127 0.855809 2.27718
87 132 0.611642 1.70034
87 137 0.433147 1.25611
87 142 0.303913 0.918175
87 147 0.211256 0.664217
87 152 0.145481 0.475681
87 157 0.0992547 0.33742
87 162 0.0670969 0.237287
87 167 0.0449563 0.165697
87 172 0.0298726 0.115208
87 177 0.0197074 0.0801272
87 182 0.0129337 0.0561637
87 187 0.00847275 0.040127
87 192 0.00557125 0.0296752
87 197 0.0037083 0.0231093
87 202 0.00252729 0.0192092
87 207 0.0017861 0.0171059
87 212 0.00132168 0.0161836
87 217 0.001025 0.0160071
87 222 0.000823915 0.0162683
87 227 0.000671555 0.0167482
87 232 0.000538623 0.017291
87 237 0.000408285 0.0177866
87 242 0.00027262 0.0181596
87 247 0.000129913 0.0183626

92 2 7.10547 -105.834
92 7 41.984 -99.5901
92 12 73.5143 -83.9638
92 17 97.1372 -59.5376
92 22 108.051 -30.5086
92 27 105.875 -4.04015
92 32 95.4034 15.1276
92 37 81.8815 26.7121
92 42 68.3855 32.5036
92 47 56.1995 34.4016
92 52 45.6908 33.8433
92 57 36.8411 31.8141
92 62 29.4922 28.9713
92 67 23.4483 25.7508
92 72 18.5164 22.44
92 77 14.5203 19.2251
92 82 11.3051 16.2223
92 87 8.73649 13.4983
92 92 6.69973 11.0848
92 97 5.09712 8.98908
92 102 3.84627 7.2016
92 107 2.87812 5.7017
92 112 2.13525 4.46216
92 117 1.57031 3.45248
92 122 1.1446 2.64136
92 127 0.826784 1.99844
92 132 0.591768 1.49545
92 137 0.419651 1.10695
92 142 0.294828 0.81065
92 147 0.205197 0.587468
92 152 0.141476 0.421446
92 157 0.0966309 0.299482
92 162 0.0653915 0.21102
92 167 0.0438536 0.1477
92 172 0.0291596 0.103007
92 177 0.0192415 0.0719461
92 182 0.0126203 0.0507399
92 187 0.0082499 0.0365735
92 192 0.00539889 0.0273756
92 197 0.00356112 0.0216394
92 202 0.00239003 0.0182802
92 207 0.00165053 0.0165226
92 212 0.00118463 0.0158154
92 217 0.00088711 0.0157672
92 222 0.000688687 0.0160998
92 227 0.000544534 0.0166149
92 232 0.000426545 0.0171709
92 237 0.000318131 0.0176676
92 242 0.000210634 0.0180366
92 247 0.000100676 0.0182352

97 2 5.06399 -75.7338
97 7 29.746 -71.2128
97 12 51.5578 -60.4042
97 17 67.8815 -44.4711
97 22 76.6861 -25.9894
97 27 77.8368 -8.36377
97 32 73.2287 5.81716
97 37 65.4364 15.6794
97 42 56.5119 21.6157
97 47 47.6922 24.4986
97 52 39.5916 25.2079
97 57 32.4531 24.4657
97 62 26.3229 22.817
97 67 21.1516 20.6566
97 72 16.8482 18.264
97 77 13.3074 15.8314
97 82 10.4232 13.4873
97 87 8.09611 11.3122
97 92 6.23573 9.35203
97 97 4.762 7.6273
97 102 3.60521 6.14064
97 107 2.70556 4.88244
97 112 2.01241 3.83527
97 117 1.48341 2.97723
97 122 1.08353 2.28446
97 127 0.784176 1.73297
97 132 0.56227 1.29991
97 137 0.399394 0.964333
97 142 0.281035 0.707655
97 147 0.195885 0.513832
97 152 0.135246 0.36933
97 157 0.0924997 0.262972
97 162 0.0626754 0.185705
97 167 0.0420814 0.130329
97 172 0.0280093 0.0912133
97 177 0.0184955 0.0640245
97 182 0.0121327 0.0454777
97 187 0.00792408 0.0331174
97 192 0.00517145 0.0251319
97 197 0.00339132 0.0201995
97 202 0.00225232 0.0173655
97 207 0.00152973 0.0159453
97 212 0.00107263 0.0154499
97 217 0.000780708 0.0155303
97 222 0.000588086 0.0159375
97 227 0.000452191 0.0164924
97 232 0.000346222 0.017067
97 237 0.000254041 0.0175703
97 242 0.000166662 0.0179397
97 247 7.97149e-05 0.0181365

102 2 3.59197 -54.3622
102 7 21.07 -51.2601
102 12 36.4819 -43.968
102 17 48.2473 -33.4342
102 22 55.3109 -21.235
102 27 57.5622 -9.22781
102 32 55.8436 1.07015
102 37 51.4756 8.88746
102 42 45.7223 14.1494
102 47 39.5237 17.1902
102 52 33.4717 18.4895
102 57 27.8912 18.5209
102 62 22.931 17.6885
102 67 18.6338 16.3134
102 72 14.9822 14.639
102 77 11.9269 12.8431
102 82 9.40439 11.0509
102 87 7.34654 9.34633
102 92 5.68632 7.78152
102 97 4.36107 6.38487
102 102 3.3141 5.16726
102 107 2.49538 4.12723
102 112 1.8616 3.25502
102 117 1.3759 2.53576
102 122 1.00744 1.95189
102 127 0.730729 1.48491
102 132 0.52502 1.11674
102 137 0.373646 0.830423
102 142 0.263386 0.610749
102 147 0.183895 0.444416
102 152 0.127172 0.320113
102 157 0.0871128 0.228434
102 162 0.0591135 0.161718
102 167 0.0397468 0.113843
102 172 0.0264911 0.0800015
102 177 0.0175138 0.0564808
102 182 0.0114987 0.0404569
102 187 0.00751199 0.0298125
102 192 0.00489825 0.0229804
102 197 0.00320301 0.018814
102 202 0.00211451 0.0164818
102 207 0.00142117 0.0153851
102 212 0.000980907 0.0150942
102 217 0.000699356 0.0153005
102 222 0.000514591 0.0157823
102 227 0.000386597 0.0163792
102 232 0.000290083 0.0169754
102 237 0.000209591 0.0174884
102 242 0.000136151 0.017861
102 247 6.4893e-05 0.0180578

107 2 2.55752 -39.1826
107 7 15.0118 -37.093
107 12 26.0611 -32.195
107 17 34.7053 -25.1458
107 22 40.3095 -16.9234
107 27 42.76 -8.62574
107 32 42.4513 -1.19189
107 37 40.0896 4.79681
107 42 36.4426 9.14299
107 47 32.1664 11.9323
107 52 27.7412 13.4024
107 57 23.4793 13.8415
107 62 19.5615 13.5288
107 67 16.0758 12.7064
107 72 13.0499 11.5712
107 77 10.4742 10.2752
107 82 8.31734 8.93098
107 87 6.5371 7.61799
107 92 5.08675 6.38882
107 97 3.91945 5.27506
107 102 2.99078 4.29238
107 107 2.26019 3.44482
107 112 1.69167 2.72828
107 117 1.25402 2.13338
107 122 0.92067 1.64767
107 127 0.669439 1.25729
107 132 0.48208 0.948167
107 137 0.343814 0.706876
107 142 0.242841 0.521132
107 147 0.169871 0.380082
107 152 0.117687 0.274407
107 157 0.0807576 0.196298
107 162 0.054896 0.139359
107 167 0.0369746 0.0984489
107 172 0.024686 0.0695142
107 177 0.0163485 0.0494119
107 182 0.0107516 0.035743
107 187 0.00703431 0.0267027
107 192 0.00459153 0.0209508
107 197 0.00300276 0.0175028
107 202 0.00197916 0.0156424
107 207 0.00132455 0.0148508
107 212 0.000907084 0.0147537
107 217 0.000639199 0.0150805
107 222 0.000463428 0.0156348
107 227 0.00034261 0.0162737
107 232 0.000253177 0.0168928
107 237 0.000180572 0.017417
107 242 0.000116117 0.0177944
107 247 5.47966e-05 0.0179923

112 2 1.83269 -28.3414
112 7 10.7725 -26.9388
112 12 18.7729 -23.6388
112 17 25.1804 -18.8732
112 22 29.5785 -13.2572
112 27 31.8571 -7.47092
112 32 32.2013 -2.11703
112 37 31.0002 2.38563
112 42 28.7216 5.83503
112 47 25.8081 8.21333
112 52 22.6206 9.62478
112 57 19.4219 10.2352
112 62 16.3854 10.2278
112 67 13.6136 9.77618
112 72 11.1565 9.03108
112 77 9.02873 8.11552
112 82 7.22135 7.1249
112 87 5.71158 6.12956
112 92 4.4691 5.17845
112 97 3.46047 4.30304
112 102 2.6521 3.52101
112 107 2.01208 2.83967
112 112 1.51128 2.25883
112 117 1.12387 1.77319
112 122 0.82752 1.37429
112 127 0.603317 1.05202
112 132 0.43554 0.795679
112 137 0.311341 0.594797
112 142 0.220385 0.439623
112 147 0.154484 0.32143
112 152 0.107243 0.232645
112 157 0.0737373 0.166876
112 162 0.0502242 0.118848
112 167 0.0338979 0.0843001
112 172 0.0226813 0.0598572
112 177 0.0150565 0.0428903
112 182 0.00992784 0.0313854
112 187 0.00651434 0.0238216
112 192 0.00426574 0.0190655
112 197 0.00279903 0.0162812
112 202 0.00185068 0.0148572
112 207 0.00124144 0.0143487
112 212 0.000850751 0.0144322
112 217 0.000598462 0.0148718
112 222 0.00043196 0.0154949
112 227 0.000317187 0.0161742
112 232 0.000232482 0.016816
112 237 0.000164371 0.0173521
112 242 0.000104681 0.017735
112 247 4.85162e-05 0.0179345

117 2 1.32157 -20.5478
117 7 7.78052 -19.6044
117 12 13.6124 -17.3688
117 17 18.3803 -14.1202
117 22 21.799 -10.2503
117 27 23.7699 -6.19224
117 32 24.3756 -2.34184
117 37 23.834 1.00394
117 42 22.4325 3.67364
117 47 20.4657 5.61356
117 52 18.1944 6.85914
117 57 15.825 7.50075
117 62 13.5069 7.65419
117 67 11.3387 7.43938
117 72 9.37776 6.96737
117 77 7.65094 6.33356
117 82 6.16338 5.6152
117 87 4.90588 4.87165
117 92 3.86041 4.14593
117 97 3.00427 3.46716
117 102 2.3129 2.85307
117 107 1.7619 2.3125
117 112 1.32826 1.8477
117 117 0.991086 1.45626
117 122 0.732 1.13275
117 127 0.535196 0.869981
117 132 0.387386 0.659996
117 137 0.277608 0.494766
117 142 0.196971 0.366674
117 147 0.138386 0.268802
117 152 0.0962834 0.195084
117 157 0.0663508 0.140354
117 162 0.0452985 0.10032
117 167 0.0306498 0.0714939
117 172 0.0205651 0.0510993
117 177 0.0136957 0.0369641
117 182 0.00906551 0.0274172
117 187 0.0059767 0.0211919
117 192 0.00393665 0.0173401
117 197 0.00260169 0.0151593
117 202 0.00173494 0.014133
117 207 0.00117498 0.0138829
117 212 0.000813126 0.0141317
117 217 0.000577058 0.0146751
117 222 0.000419251 0.0153618
117 227 0.000308916 0.016079
117 232 0.000226438 0.0167423
117 237 0.000159561 0.01729
117 242 0.000100779 0.0176784
117 247 4.55069e-05 0.0178798

122 2 0.95783 -14.9125
122 7 5.64776 -14.2757
122 12 9.91701 -12.7528
122 17 13.4693 -10.524
122 22 16.1047 -7.84121
122 27 17.74 -4.98543
122 32 18.4074 -2.2203
122 37 18.2296 0.245073
122 42 17.3843 2.27575
122 47 16.0669 3.81183
122 52 14.4616 4.8558
122 57 12.7244 5.45371
122 62 10.9763 5.67653
122 67 9.30349 5.60484
122 72 7.76165 5.31809
122 77 6.38203 4.8879
122 82 5.17731 4.37472
122 87 4.14696 3.82673
122 92 3.2817 3.28017
122 97 2.56692 2.76057
122 102 1.9853 2.28442
122 107 1.51867 1.8609
122 112 1.14925 1.49357
122 117 0.860518 1.18195
122 122 0.637611 0.922781
122 127 0.467578 0.711121
122 132 0.339391 0.54117
122 137 0.243859 0.406883
122 142 0.173466 0.302396
122 147 0.122176 0.222305
122 152 0.0852174 0.161816
122 157 0.0588764 0.116808
122 162 0.0403068 0.0838339
122 167 0.0273566 0.0600747
122 172 0.0184218 0.0432736
122 177 0.0123224 0.0316574
122 182 0.00820183 0.0238559
122 187 0.00544609 0.0188258
122 192 0.00362059 0.0157827
122 197 0.00242148 0.0141426
122 202 0.00163887 0.0134731
122 207 0.00112949 0.0134553
122 212 0.00079675 0.0138528
122 217 0.000576269 0.0144897
122 222 0.000425722 0.015234
122 227 0.00031767 0.0159855
122 232 0.000234617 0.0166687
122 237 0.000165622 0.0172272
122 242 0.000103959 0.0176208
122 247 4.54941e-05 0.0178239

127 2 0.696617 -10.8202
127 7 4.1133 -10.3889
127 12 7.24593 -9.3468
127 17 9.89138 -7.81038
127 22 11.9079 -5.9433
127 27 13.2284 -3.93004
127 32 13.8602 -1.94783
127 37 13.8728 -0.14334
127 42 13.3764 1.38129
127 47 12.5003 2.57181
127 52 11.3732 3.41669
127 57 10.1102 3.93704
127 62 8.8053 4.1751
127 67 7.52982 4.18387
127 72 6.33322 4.0189
127 77 5.24626 3.73267
127 82 4.28472 3.37119
127 87 3.45308 2.97237
127 92 2.74783 2.56572
127 97 2.16023 2.17275
127 102 1.67848 1.808
127 107 1.28939 1.48017
127 112 0.979533 1.19335
127 117 0.736064 0.94824
127 122 0.54721 0.743089
127 127 0.402534 0.574621
127 132 0.293039 0.438697
127 137 0.211149 0.330841
127 142 0.150612 0.246609
127 147 0.106371 0.181836
127 152 0.0744026 0.132784
127 157 0.0515595 0.09621
127 162 0.0354162 0.0693785
127 167 0.0241316 0.0500393
127 172 0.0163279 0.0363808
127 177 0.0109882 0.0269725
127 182 0.00737177 0.0207039
127 187 0.00494625 0.0167255
127 192 0.00333377 0.0143953
127 197 0.00226952 0.0132323
127 202 0.00157014 0.012878
127 207 0.00111027 0.0130654
127 212 0.000805223 0.0135945
127 217 0.00059849 0.0143142
127 222 0.0004529 0.0151093
127 227 0.000344351 0.0158913
127 232 0.000257492 0.0165919
127 237 0.000182745 0.0171598
127 242 0.000114246 0.017558
127 247 4.84098e-05 0.0177627

132 2 0.50758 -7.84054
132 7 3.00084 -7.54768
132 12 5.30107 -6.8322
132 17 7.2679 -5.76976
132 22 8.80033 -4.46749
132 27 9.84571 -3.04755
132 32 10.4004 -1.62979
132 37 10.503 -0.316767
132 42 10.2224 0.815976
132 47 9.64413 1.72355
132 52 8.85739 2.39001
132 57 7.94558 2.82302
132 62 6.98012 3.04698
132 67 6.01764 3.0961
132 72 5.09969 3.00856
132 77 4.25401 2.82204
132 82 3.49672 2.5708
132 87 2.8347 2.28396
132 92 2.268 1.98485
132 97 1.79189 1.69104
132 102 1.39867 1.41483
132 107 1.07899 1.164
132 112 0.822901 0.942654
132 117 0.620617 0.752099
132 122 0.462959 0.5916
132 127 0.341659 0.459073
132 132 0.249493 0.351629
132 137 0.180313 0.26601
132 142 0.129003 0.198896
132 147 0.0913897 0.147123
132 152 0.0641329 0.107814
132 157 0.044604 0.0784486
132 162 0.0307675 0.0568833
132 167 0.0210715 0.041344
132 172 0.0143498 0.0303941
132 177 0.00973868 0.0228932
132 182 0.00660682 0.0179516
132 187 0.00449912 0.0148851
132 192 0.00309168 0.0131739
132 197 0.0021569 0.0124256
132 202 0.00153684 0.0123455
132 207 0.00112327 0.0127113
132 212 0.00084296 0.0133546
132 217 0.000646993 0.0141459
132 222 0.00050318 0.0149849
132 227 0.000390674 0.0157928
132 232 0.00029624 0.0165082
132 237 0.000211676 0.017084
132 242 0.00013203 0.0174859
132 247 5.43436e-05 0.0176918

137 2 0.369972 -5.66854
137 7 2.18972 -5.46947
137 12 3.8776 -4.97727
137 17 5.33603 -4.24137
137 22 6.49296 -3.3323
137 27 7.30788 -2.33148
137 32 7.77291 -1.32022
137 37 7.90915 -0.370064
137 42 7.7597 0.463991
137 47 7.38106 1.14662
137 52 6.83482 1.66196
137 57 6.18076 2.01092
137 62 5.47204 2.20705
137 67 4.75249 2.27209
137 72 4.05567 2.2319
137 77 3.40525 2.11311
137 82 2.81611 1.94075
137 87 2.29586 1.73674
137 92 1.84652 1.51912
137 97 1.46599 1.30184
137 102 1.14945 1.09498
137 107 0.890454 0.905208
137 112 0.681783 0.736315
137 117 0.516088 0.589857
137 122 0.386333 0.465725
137 127 0.286067 0.362664
137 132 0.209582 0.278709
137 137 0.151962 0.211524
137 142 0.109082 0.158669
137 147 0.0775503 0.117769
137 152 0.0546335 0.0866398
137 157 0.0381686 0.0633466
137 162 0.026472 0.0462318
137 167 0.0182541 0.033913
137 172 0.012542 0.0252645
137 177 0.00861216 0.019388
137 182 0.00593414 0.0155786
137 187 0.00412427 0.0132915
137 192 0.00290867 0.0121098
137 197 0.00209438 0.0117165
137 202 0.00154717 0.0118708
137 207 0.00117485 0.0123891
137 212 0.000914952 0.0131295
137 217 0.000725702 0.0139813
137 222 0.000579626 0.014857
137 227 0.000458979 0.0156862
137 232 0.000352576 0.0164135
137 237 0.000253581 0.0169953
137 242 0.000157983 0.0173999
137 247 6.35043e-05 0.0176063

142 2 0.269406 -4.08577
142 7 1.59608 -3.95049
142 12 2.83233 -3.61166
142 17 3.91006 -3.10173
142 22 4.77783 -2.46739
142 27 5.405 -1.76309
142 32 5.78278 -1.04413
142 37 5.92232 -0.360262
142 42 5.85056 0.248921
142 47 5.60489 0.756492
142 52 5.22762 1.14857
142 57 4.76125 1.42298
142 62 4.24478 1.58687
142 67 3.71144 1.65385
142 72 3.18763 1.64121
142 77 2.69271 1.56753
142 82 2.23961 1.45081
142 87 1.83569 1.30727
142 92 1.48385 1.15058
142 97 1.18362 0.991574
142 102 0.932163 0.83831
142 107 0.725134 0.696286
142 112 0.557389 0.56883
142 117 0.423507 0.457515
142 122 0.318172 0.362584
142 127 0.236427 0.283342
142 132 0.173822 0.218484
142 137 0.126488 0.166367
142 142 0.0911417 0.12522
142 147 0.0650676 0.0932867
142 152 0.0460609 0.068929
142 157 0.0323664 0.0506804
142 162 0.0226109 0.0372742
142 167 0.0157378 0.0276468
142 172 0.0109464 0.0209265
142 177 0.00763907 0.0164138
142 182 0.00537614 0.0135568
142 187 0.00383847 0.0119261
142 192 0.00279756 0.0111906
142 197 0.00209199 0.0110963
142 202 0.00160914 0.0114477
142 207 0.00127151 0.0120934
142 212 0.00102651 0.0129145
142 217 0.000838957 0.013816
142 222 0.000685743 0.0147211
142 227 0.000552034 0.0155669
142 232 0.000428594 0.0163028
142 237 0.000309926 0.0168887
142 242 0.000192971 0.0172946
142 247 7.61846e-05 0.0175012

147 2 0.195758 -2.93417
147 7 1.16078 -2.84237
147 12 2.06365 -2.60925
147 17 2.85674 -2.25617
147 22 3.50338 -1.81414
147 27 3.98067 -1.3197
147 32 4.28044 -0.81045
147 37 4.40826 -0.320906
147 42 4.38093 0.120697
147 47 4.22318 0.494286
147 52 3.96401 0.788498
147 57 3.63339 1.00008
147 62 3.25963 1.13249
147 67 2.86753 1.19413
147 72 2.47737 1.19642
147 77 2.10456 1.15217
147 82 1.75985 1.07418
147 87 1.44982 0.974246
147 92 1.17761 0.862562
147 97 0.943636 0.747388
147 102 0.746386 0.635007
147 107 0.583015 0.529842
147 112 0.449921 0.43469
147 117 0.343162 0.351006
147 122 0.25878 0.279207
147 127 0.193017 0.218957
147 132 0.142455 0.169415
147 137 0.104087 0.129445
147 142 0.0753386 0.0977812
147 147 0.0540638 0.0731417
147 152 0.0385084 0.054313
147 157 0.0272677 0.0401978
147 162 0.019237 0.0298398
147 167 0.0135619 0.0224307
147 172 0.00959266 0.0173035
147 177 0.00684202 0.0139199
147 182 0.00495028 0.0118525
147 187 0.00365547 0.0107664
147 192 0.00276944 0.0104009
147 197 0.0021588 0.010554
147 202 0.00173031 0.0110679
147 207 0.00141961 0.0118178
147 212 0.00118301 0.012704
147 217 0.000991257 0.0136446
147 222 0.00082525 0.0145719
147 227 0.000672829 0.0154295
147 232 0.000526593 0.0161708
147 237 0.000382339 0.0167585
147 242 0.000237976 0.0171645
147 247 9.2727e-05 0.0173704

152 2 0.141799 -2.09848
152 7 0.841491 -2.03635
152 12 1.49843 -1.87621
152 17 2.07928 -1.63216
152 22 2.55794 -1.32484
152 27 2.91748 -0.978786
152 32 3.15094 -0.619574
152 37 3.26081 -0.271065
152 42 3.25755 0.0467648
152 47 3.15749 0.319202
152 52 2.98043 0.537333
152 57 2.74741 0.697812
152 62 2.47877 0.802069
152 67 2.19276 0.855182
152 72 1.9047 0.864642
152 77 1.62658 0.839183
152 82 1.36703 0.787791
152 87 1.13166 0.718952
152 92 0.923448 0.64014
152 97 0.743264 0.557547
152 102 0.590408 0.475982
152 107 0.463081 0.398918
152 112 0.358803 0.328633
152 117 0.274753 0.266398
152 122 0.208021 0.212686
152 127 0.155798 0.16738
152 132 0.115491 0.129959
152 137 0.0847928 0.0996532
152 142 0.0617142 0.0755684
152 147 0.0445801 0.0567825
152 152 0.0320134 0.042408
152 157 0.0229048 0.031634
152 162 0.0163771 0.0237478
152 167 0.0117489 0.0181422
152 172 0.00849916 0.0143131
152 177 0.00623609 0.0118511
152 182 0.00466912 0.0104288
152 187 0.00358588 0.00978741
152 192 0.00283333 0.0097237
152 197 0.00230262 0.0100777
152 202 0.00191745 0.0107222
152 207 0.00162504 0.0115549
152 212 0.00138953 0.0124914
152 217 0.00118696 0.013461
152 222 0.00100181 0.0144036
152 227 0.000824347 0.015268
152 232 0.000648885 0.0160112
152 237 0.000472475 0.0165983
152 242 0.000293997 0.017003
152 247 0.000113488 0.0172075

157 2 0.102306 -1.4942
157 7 0.607569 -1.45229
157 12 1.08344 -1.34255
157 17 1.50659 -1.1743
157 22 1.8585 -0.961267
157 27 2.12678 -0.719953
157 32 2.30577 -0.467718
157 37 2.39633 -0.221003
157 42 2.40496 0.00615704
157 47 2.34242 0.203125
157 52 2.22218 0.363112
157 57 2.05892 0.483126
157 62 1.86714 0.56353
157 67 1.66012 0.607339
157 72 1.44927 0.619412
157 77 1.24371 0.605652
157 82 1.05023 0.572304
157 87 0.873428 0.525392
157 92 0.715918 0.470332
157 97 0.578734 0.411691
157 102 0.461666 0.353089
157 107 0.363616 0.297197
157 112 0.28291 0.245824
157 117 0.217554 0.200032
157 122 0.165438 0.160284
157 127 0.124487 0.12659
157 132 0.0927594 0.0986402
157 137 0.0685098 0.0759222
157 142 0.050217 0.0578163
157 147 0.036592 0.0436669
157 152 0.0265674 0.0328339
157 157 0.019278 0.0247254
157 162 0.0140364 0.0188167
157 167 0.0103058 0.0146575
157 172 0.0076739 0.0118716
157 177 0.00582941 0.0101509
157 182 0.00454048 0.00924743
157 187 0.00363703 0.00896324
157 192 0.00299603 0.0091408
157 197 0.00252967 0.00965407
157 202 0.0021762 0.0104008
157 207 0.00189285 0.0112965
157 212 0.00165055 0.0122696
157 217 0.00142997 0.0132585
157 222 0.00121873 0.0142095
157 227 0.0010093 0.0150757
157 232 0.000797592 0.0158173
157 237 0.000581857 0.0164014
157 242 0.000361962 0.016803
157 247 0.000138799 0.0170053

162 2 0.073469 -1.05912
162 7 0.436609 -1.03097
162 12 0.779576 -0.956012
162 17 1.08608 -0.840387
162 22 1.34301 -0.693246
162 27 1.54137 -0.525659
162 32 1.67675 -0.349395
162 37 1.74917 -0.175736
162 42 1.76264 -0.0144766
162 47 1.72424 0.126778
162 52 1.64312 0.242972
162 57 1.52944 0.331621
162 62 1.39347 0.392575
162 67 1.24478 0.427581
162 72 1.09174 0.439761
162 77 0.941202 0.43307
162 82 0.798384 0.411804
162 87 0.666928 0.380196
162 92 0.549048 0.342121
162 97 0.445757 0.300904
162 102 0.357117 0.259225
162 107 0.282491 0.219105
162 112 0.220767 0.181947
162 117 0.170557 0.148611
162 122 0.13035 0.119515
162 127 0.0986316 0.0947317
162 132 0.0739655 0.0740895
162 137 0.0550462 0.0572555
162 142 0.0407262 0.0438063
162 147 0.0300251 0.0332827
162 152 0.0221258 0.025229
162 157 0.0163621 0.019219
162 162 0.0122018 0.0148714
162 167 0.00922719 0.0118565
162 172 0.007116 0.00989686
162 177 0.00562375 0.00876353
162 182 0.00456762 0.00827056
162 187 0.00381293 0.0082678
162 192 0.00326182 0.00863393
162 197 0.00284421 0.00926988
162 202 0.00251066 0.0100933
162 207 0.00222687 0.011034
162 212 0.00196954 0.012031
162 217 0.00172334 0.0130299
162 222 0.00147863 0.0139824
162 227 0.00122986 0.0148454
162 232 0.000974412 0.0155816
162 237 0.000711706 0.0161601
162 242 0.000442612 0.016557
162 247 0.000168926 0.0167563

167 2 0.0524852 -0.747417
167 7 0.312106 -0.728606
167 12 0.557922 -0.677588
167 17 0.778582 -0.598426
167 22 0.964847 -0.497202
167 27 1.11024 -0.381333
167 32 1.21139 -0.258775
167 37 1.26797 -0.137238
167 42 1.28241 -0.0235144
167 47 1.25937 0.0770136
167 52 1.20502 0.160644
167 57 1.12639 0.225411
167 62 1.03067 0.270955
167 67 0.924701 0.298258
167 72 0.814559 0.309305
167 77 0.705307 0.306724
167 82 0.600891 0.293443
167 87 0.504134 0.272409
167 92 0.416835 0.24636
167 97 0.339903 0.217687
167 102 0.273534 0.188349
167 107 0.21738 0.159849
167 112 0.170721 0.133255
167 117 0.1326 0.109247
167 122 0.101948 0.0881789
167 127 0.0776752 0.0701516
167 132 0.0587299 0.0550795
167 137 0.0441477 0.0427518
167 142 0.033073 0.0328844
167 147 0.024769 0.0251605
167 152 0.0186179 0.0192602
167 157 0.0141128 0.0148808
167 162 0.0108464 0.011749
167 167 0.00849742 0.00962673
167 172 0.00681698 0.0083118
167 177 0.00561519 0.00763622
167 182 0.00474942 0.00746194
167 187 0.0041141 0.00767596
167 192 0.00363218 0.0081852
167 197 0.00324822 0.00891182
167 202 0.00292298 0.00978914
167 207 0.00262923 0.0107586
167 212 0.00234853 0.0117674
167 217 0.0020689 0.0127675
167 222 0.00178311 0.0137148
167 227 0.00148735 0.0145695
167 232 0.00118038 0.0152965
167 237 0.000862767 0.0158666
167 242 0.000536397 0.0162569
167 247 0.000204027 0.0164523

172 2 0.0372839 -0.525311
172 7 0.221844 -0.512805
172 12 0.396994 -0.478225
172 17 0.554849 -0.424247
172 22 0.688929 -0.354909
172 27 0.794611 -0.275169
172 32 0.869354 -0.190387
172 37 0.912722 -0.105809
172 42 0.926184 -0.0261174
172 47 0.912776 0.0449132
172 52 0.87666 0.104612
172 57 0.822651 0.151472
172 62 0.755767 0.185084
172 67 0.680846 0.205977
172 72 0.602251 0.215401
172 77 0.52368 0.215085
172 82 0.448064 0.207011
172 87 0.377555 0.193206
172 92 0.313569 0.175589
172 97 0.256879 0.155858
172 102 0.207726 0.135426
172 107 0.165944 0.115396
172 112 0.131072 0.0965669
172 117 0.102462 0.0794639
172 122 0.0793679 0.0643775
172 127 0.0610105 0.0514127
172 132 0.046631 0.0405355
172 137 0.0355245 0.0316172
172 142 0.0270603 0.024471
172 147 0.0206915 0.0188818
172 152 0.0159559 0.0146286
172 157 0.0124723 0.0114996
172 162 0.00993262 0.00930182
172 167 0.0080926 0.00786555
172 172 0.0067619 0.00704566
172 177 0.00579459 0.00672027
172 182 0.00508047 0.00678792
172 187 0.0045375 0.00716412
172 192 0.0041055 0.00777764
172 197 0.00374094 0.00856711
172 202 0.00341292 0.00947822
172 207 0.00309997 0.0104615
172 212 0.00278767 0.0114711
172 217 0.00246686 0.0124637
172 222 0.00213237 0.0133991
172 227 0.00178195 0.0142402
172 232 0.00141564 0.0149541
172 237 0.00103513 0.0155128
172 242 0.000643364 0.0158946
172 247 0.000244111 0.0160851

177 2 0.0263301 -0.36796
177 7 0.156758 -0.359689
177 12 0.2808 -0.336349
177 17 0.393002 -0.299698
177 22 0.488842 -0.25241
177 27 0.56504 -0.197789
177 32 0.619725 -0.139433
177 37 0.652452 -0.0808979
177 42 0.664099 -0.0253889
177 47 0.656642 0.0244666
177 52 0.632866 0.0667654
177 57 0.596058 0.10038
177 62 0.549689 0.124929
177 67 0.497156 0.140677
177 72 0.44156 0.148404
177 77 0.385568 0.149238
177 82 0.331331 0.144507
177 87 0.280457 0.135595
177 92 0.234038 0.123832
177 97 0.192703 0.110412
177 102 0.156693 0.0963415
177 107 0.125945 0.0824199
177 112 0.100174 0.0692366
177 117 0.0789466 0.0571891
177 122 0.0617456 0.0465089
177 127 0.0480224 0.0372934
177 132 0.0372347 0.0295385
177 137 0.0288732 0.0231689
177 142 0.0224784 0.0180648
177 147 0.0176483 0.0140829
177 152 0.0140414 0.0110732
177 157 0.0113741 0.00889013
177 162 0.00941577 0.00739938
177 167 0.00798258 0.00648203
177 172 0.0069304 0.00603533
177 177 0.00614809 0.00597196
177 182 0.00555115 0.00621806
177 187 0.00507629 0.00671076
177 192 0.00467676 0.00739554
177 197 0.00431856 0.00822378
177 202 0.00397745 0.00915078
177 207 0.0036366 0.0101344
177 212 0.00328486 0.0111341
177 217 0.00291545 0.012111
177 222 0.0025249 0.0130278
177 227 0.0021124 0.01385
177 232 0.00167918 0.0145465
177 237 0.00122806 0.0150907
177 242 0.000763054 0.0154621
177 247 0.000288999 0.0156466

182 2 0.0184848 -0.257142
182 7 0.110112 -0.251699
182 12 0.197429 -0.23601
182 17 0.276678 -0.211226
182 22 0.344722 -0.179113
182 27 0.399251 -0.141866
182 32 0.438904 -0.101892
182 37 0.463287 -0.0615863
182 42 0.472913 -0.0231344
182 47 0.469062 0.0116498
182 52 0.45359 0.0414243
182 57 0.428725 0.0653617
182 62 0.396854 0.0831366
182 67 0.360339 0.0948687
182 72 0.321366 0.101035
182 77 0.281838 0.102367
182 82 0.24331 0.0997465
182 87 0.206969 0.0941106
182 92 0.173639 0.0863722
182 97 0.143815 0.0773618
182 102 0.117717 0.06779
182 107 0.0953366 0.058228
182 112 0.0765024 0.0491053
182 117 0.0609283 0.0407184
182 122 0.0482614 0.0332474
182 127 0.0381192 0.0267771
182 132 0.0301181 0.0213187
182 137 0.0238943 0.0168316
182 142 0.0191162 0.013241
182 147 0.0154921 0.0104541
182 152 0.0127719 0.00837081
182 157 0.0107469 0.00689302
182 162 0.00924609 0.00592916
182 167 0.00813236 0.00539729
182 172 0.00729749 0.0052258
182 177 0.00665741 0.00535295
182 182 0.00614771 0.00572546
182 187 0.00571975 0.00629671
182 192 0.00533731 0.00702482
182 197 0.00497384 0.00787095
182 202 0.00461036 0.00879792
182 207 0.00423373 0.00976936
182 212 0.00383542 0.0107493
182 217 0.00341056 0.0117022
182 222 0.00295721 0.0125938
182 227 0.0024758 0.0133916
182 232 0.00196872 0.0140663
182 237 0.00143988 0.0145929
182 242 0.000894416 0.0149516
182 247 0.000338287 0.0151292

187 2 0.0129039 -0.179548
187 7 0.0769098 -0.175981
187 12 0.138021 -0.165473
187 17 0.193665 -0.148777
187 22 0.241675 -0.127054
187 27 0.280437 -0.101758
187 32 0.308971 -0.074492
187 37 0.326954 -0.0468648
187 42 0.334677 -0.0203562
187 47 0.332964 0.00378916
187 52 0.323047 0.0246336
187 57 0.306425 0.0415788
187 62 0.284728 0.0543628
187 67 0.259587 0.0630261
187 72 0.232527 0.0678571
187 77 0.204892 0.0693248
187 82 0.177795 0.0680105
187 87 0.152099 0.0645425
187 92 0.128414 0.0595422
187 97 0.107124 0.0535821
187 102 0.0884121 0.0471581
187 107 0.0722998 0.0406749
187 112 0.058687 0.0344414
187 117 0.0473881 0.028676
187 122 0.0381647 0.0235161
187 127 0.0307531 0.0190325
187 132 0.024885 0.0152437
187 137 0.0203031 0.0121301
187 142 0.016771 0.00964745
187 147 0.0140785 0.00773706
187 152 0.0120448 0.00633424
187 157 0.0105174 0.00537425
187 162 0.00937073 0.00479605
187 167 0.00850324 0.00454434
187 172 0.00783417 0.00457013
187 177 0.00730019 0.00483039
187 182 0.00685232 0.00528698
187 187 0.00645318 0.00590535
187 192 0.00607465 0.00665316
187 197 0.00569593 0.00749905
187 202 0.00530209 0.00841173
187 207 0.00488286 0.00935949
187 212 0.0044318 0.0103101
187 217 0.00394561 0.0112311
187 222 0.00342362 0.0120907
187 227 0.00286743 0.0128586
187 232 0.00228049 0.0135071
187 237 0.00166785 0.0140126
187 242 0.00103575 0.0143565
187 247 0.000391333 0.0145261

192 2 0.00896334 -0.125509
192 7 0.0534521 -0.123178
192 12 0.0960091 -0.11616
192 17 0.134879 -0.104947
192 22 0.168577 -0.090299
192 27 0.195982 -0.0731766
192 32 0.216396 -0.0546441
192 37 0.229563 -0.0357764
192 42 0.235646 -0.0175713
192 47 0.235169 -0.000877356
192 52 0.228945 0.0136551
192 57 0.217978 0.0255988
192 62 0.203373 0.0347503
192 67 0.186245 0.0411102
192 72 0.167651 0.0448493
192 77 0.148531 0.0462656
192 82 0.129672 0.0457387
192 87 0.111693 0.0436866
192 92 0.0950421 0.0405285
192 97 0.0800072 0.0366557
192 102 0.066737 0.0324112
192 107 0.0552647 0.0280787
192 112 0.0455349 0.0238785
192 117 0.0374289 0.0199694
192 122 0.0307879 0.0164551
192 127 0.0254319 0.0133927
192 132 0.0211752 0.0108028
192 137 0.0178379 0.00867911
192 142 0.0152527 0.00699683
192 147 0.0132701 0.00572055
192 152 0.0117601 0.00480979
192 157 0.0106123 0.0042232
192 162 0.00973517 0.00392122
192 167 0.00905378 0.00386748
192 172 0.00850806 0.00402919
192 177 0.00805032 0.00437678
192 182 0.00764326 0.00488317
192 187 0.00725798 0.00552271
192 192 0.00687247 0.00627021
192 197 0.0064703 0.00710004
192 202 0.00603958 0.00798559
192 207 0.00557227 0.00889895
192 212 0.00506354 0.00981111
192 217 0.00451136 0.0106924
192 222 0.00391618 0.0115134
192 227 0.00328064 0.0122457
192 232 0.00260925 0.0128635
192 237 0.00190812 0.0133445
192 242 0.00118467 0.0136712
192 247 0.000447237 0.0138317

197 2 0.00620336 -0.0880407
197 7 0.0370129 -0.0865169
197 12 0.0665403 -0.0818378
197 17 0.0935947 -0.0743212
197 22 0.117163 -0.064466
197 27 0.136471 -0.0529032
197 32 0.151028 -0.0403372
197 37 0.160637 -0.0274839
197 42 0.165383 -0.0150131
197 47 0.1656 -0.00350057
197 52 0.161819 0.00660566
197 57 0.154709 0.0150033
197 62 0.145012 0.0215382
197 67 0.133487 0.0261931
197 72 0.120859 0.0290666
197 77 0.10778 0.0303458
197 82 0.0948017 0.0302766
197 87 0.0823628 0.0291347
197 92 0.070787 0.0272007
197 97 0.0602881 0.0247397
197 102 0.0509827 0.0219871
197 107 0.042906 0.0191403
197 112 0.03603 0.0163547
197 117 0.0302801 0.013745
197 122 0.0255519 0.0113885
197 127 0.021724 0.00933055
197 132 0.0186693 0.00759117
197 137 0.016263 0.00617141
197 142 0.014388 0.00505923
197 147 0.0129388 0.00423458
197 152 0.0118226 0.00367335
197 157 0.01096 0.00335027
197 162 0.0102843 0.00324064
197 167 0.00974055 0.00332135
197 172 0.00928392 0.003571
197 177 0.00887837 0.00396965
197 182 0.0084952 0.00449817
197 187 0.00811185 0.00513744
197 192 0.00771082 0.00586763
197 197 0.00727888 0.00666756
197 202 0.00680644 0.00751435
197 207 0.0062871 0.00838335
197 212 0.00571729 0.00924837
197 217 0.00509604 0.0100823
197 222 0.00442474 0.0108579
197 227 0.00370698 0.011549
197 232 0.00294827 0.0121315
197 237 0.00215581 0.0125846
197 242 0.00133815 0.0128919
197 247 0.000504854 0.0130423

202 2 0.00428703 -0.0621316
202 7 0.0255924 -0.0611329
202 12 0.0460506 -0.0580126
202 17 0.0648577 -0.0529768
202 22 0.0813253 -0.0463513
202 27 0.0949233 -0.0385503
202 32 0.105308 -0.0300386
202 37 0.112331 -0.0212916
202 42 0.116034 -0.0127574
202 47 0.116626 -0.00482516
202 52 0.114454 0.00219802
202 57 0.109959 0.00809982
202 62 0.103637 0.0127654
202 67 0.0960004 0.0161714
202 72 0.0875429 0.0183728
202 77 0.0787122 0.0194854
202 82 0.0698919 0.0196672
202 87 0.0613907 0.0190985
202 92 0.0534397 0.0179656
202 97 0.0461953 0.016447
202 102 0.0397469 0.014703
202 107 0.0341274 0.0128698
202 112 0.0293245 0.0110566
202 117 0.0252928 0.00934547
202 122 0.0219645 0.00779352
202 127 0.0192587 0.00643635
202 132 0.0170893 0.00529217
202 137 0.0153706 0.00436596
202 142 0.0140214 0.00365352
202 147 0.0129674 0.00314477
202 152 0.012143 0.00282648
202 157 0.0114911 0.00268415
202 162 0.0109633 0.00270324
202 167 0.0105189 0.00286971
202 172 0.0101244 0.00317009
202 177 0.00975215 0.00359119
202 182 0.00937979 0.00411954
202 187 0.00898931 0.0047408
202 192 0.00856651 0.0054392
202 197 0.00810047 0.00619704
202 202 0.00758326 0.00699456
202 207 0.00700969 0.00780991
202 212 0.00637718 0.00861951
202 217 0.00568558 0.00939869
202 222 0.00493714 0.0101225
202 227 0.00413629 0.0107669
202 232 0.00328951 0.0113095
202 237 0.00240503 0.0117312
202 242 0.00149254 0.0120169
202 247 0.000562816 0.0121561

207 2 0.00296882 -0.0442144
207 7 0.0177321 -0.0435553
207 12 0.0319374 -0.0414701
207 17 0.0450438 -0.0380923
207 22 0.0565857 -0.0336344
207 27 0.066201 -0.0283679
207 32 0.0736504 -0.0225991
207 37 0.0788245 -0.016643
207 42 0.0817405 -0.0107986
207 47 0.0825287 -0.00532838
207 52 0.0814119 -0.000441967
207 57 0.0786802 0.00371222
207 62 0.0746633 0.00704975
207 67 0.0697046 0.0095469
207 72 0.0641378 0.0112327
207 77 0.0582687 0.0121779
207 82 0.0523618 0.0124829
207 87 0.0466323 0.0122647
207 92 0.0412441 0.0116462
207 97 0.0363104 0.0107466
207 102 0.0318987 0.00967462
207 107 0.0280376 0.0085236
207 112 0.0247238 0.00736976
207 117 0.0219305 0.00627162
207 122 0.0196146 0.00527121
207 127 0.0177229 0.00439618
207 132 0.0161976 0.00366237
207 137 0.0149804 0.00307661
207 142 0.0140151 0.00263929
207 147 0.0132501 0.00234663
207 152 0.0126386 0.00219238
207 157 0.0121399 0.00216914
207 162 0.0117184 0.0022691
207 167 0.0113438 0.00248431
207 172 0.0109907 0.0028067
207 177 0.0106375 0.00322773
207 182 0.0102663 0.00373795
207 187 0.00986236 0.00432654
207 192 0.00941378 0.00498079
207 197 0.0089113 0.00568586
207 202 0.00834818 0.0064246
207 207 0.00772009 0.00717771
207 212 0.0070252 0.00792409
207 217 0.00626405 0.00864149
207 222 0.0054396 0.00930729
207 227 0.00455708 0.00989952
207 232 0.00362384 0.0103979
207 237 0.00264914 0.0107849
207 242 0.00164374 0.0110467
207 247 0.000619574 0.0111739

212 2 0.00207106 -0.0317695
212 7 0.0123759 -0.0313298
212 12 0.0223133 -0.0299305
212 17 0.0315199 -0.0276582
212 22 0.0396814 -0.0246516
212 27 0.046551 -0.0210884
212 32 0.0519627 -0.0171704
212 37 0.0558362 -0.0131061
212 42 0.0581756 -0.00909499
212 47 0.0590608 -0.00531338
212 52 0.0586346 -0.00190436
212 57 0.0570861 0.00102875
212 62 0.0546332 0.00342441
212 67 0.0515048 0.00526125
212 72 0.0479254 0.00655324
212 77 0.0441027 0.00734285
212 82 0.040218 0.00769311
212 87 0.0364207 0.00767951
212 92 0.0328261 0.00738253
212 97 0.0295159 0.00688135
212 102 0.0265406 0.0062491
212 107 0.0239239 0.00554968
212 112 0.0216676 0.00483601
212 117 0.0197568 0.0041497
212 122 0.0181645 0.00352155
212 127 0.0168563 0.00297288
212 132 0.0157937 0.00251713
212 137 0.0149375 0.00216165
212 142 0.0142491 0.00190933
212 147 0.0136922 0.00176013
212 152 0.0132339 0.00171217
212 157 0.0128446 0.00176251
212 162 0.0124979 0.00190766
212 167 0.0121709 0.00214367
212 172 0.0118438 0.00246601
212 177 0.0114993 0.00286933
212 182 0.0111227 0.003347
212 187 0.0107014 0.00389078
212 192 0.0102252 0.00449038
212 197 0.00968598 0.0051333
212 202 0.00907774 0.00580475
212 207 0.00839683 0.0064878
212 212 0.00764196 0.00716376
212 217 0.00681424 0.00781281
212 222 0.00591725 0.0084147
212 227 0.00495692 0.00894974
212 232 0.00394144 0.00939973
212 237 0.00288096 0.00974891
212 242 0.00178729 0.00998484
212 247 0.000673457 0.0100991

217 2 0.00146611 -0.0230334
217 7 0.00876478 -0.0227361
217 12 0.0158202 -0.0217919
217 17 0.0223882 -0.0202572
217 22 0.028256 -0.0182226
217 27 0.0332555 -0.0158045
217 32 0.0372712 -0.0131359
217 37 0.0402444 -0.0103546
217 42 0.0421724 -0.00759358
217 47 0.0431034 -0.0049714
217 52 0.0431281 -0.00258541
217 57 0.0423693 -0.00050741
217 62 0.0409703 0.00121807
217 67 0.0390831 0.00257298
217 72 0.0368584 0.00356285
217 77 0.0344367 0.00421261
217 82 0.0319421 0.00456144
217 87 0.0294782 0.00465758
217 92 0.0271261 0.0045534
217 97 0.0249443 0.00430124
217 102 0.0229708 0.00395011
217 107 0.021225 0.00354349
217 112 0.0197112 0.00311807
217 117 0.0184217 0.00270331
217 122 0.0173403 0.00232175
217 127 0.0164451 0.00198972
217 132 0.015711 0.00171837
217 137 0.0151113 0.00151477
217 142 0.0146197 0.00138298
217 147 0.0142108 0.001325
217 152 0.0138609 0.00134145
217 157 0.0135483 0.0014321
217 162 0.0132531 0.00159609
217 167 0.0129574 0.00183193
217 172 0.0126454 0.00213741
217 177 0.0123027 0.00250925
217 182 0.0119167 0.00294284
217 187 0.0114765 0.00343183
217 192 0.0109729 0.00396792
217 197 0.0103985 0.00454062
217 202 0.00974786 0.00513729
217 207 0.00901783 0.00574328
217 212 0.0082075 0.00634232
217 217 0.00731845 0.00691703
217 222 0.00635477 0.00744966
217 227 0.00532303 0.00792288
217 232 0.00423214 0.00832066
217 237 0.00309309 0.00862913
217 242 0.00191862 0.00883733
217 247 0.000722745 0.00893784

222 2 0.00106311 -0.0167835
222 7 0.00635782 -0.0165797
222 12 0.0114895 -0.0159395
222 17 0.0162929 -0.0148997
222 22 0.0206233 -0.0135194
222 27 0.0243651 -0.011875
222 32 0.0274375 -0.0100539
222 37 0.0297973 -0.00814741
222 42 0.0314386 -0.00624381
222 47 0.0323898 -0.00442274
222 52 0.032708 -0.00275032
222 57 0.0324728 -0.00127626
222 62 0.0317782 -3.25474e-05
222 67 0.0307253 0.000966225
222 72 0.0294151 0.00172117
222 77 0.0279429 0.00224647
222 82 0.026394 0.00256619
222 87 0.0248402 0.00271089
222 92 0.0233389 0.00271442
222 97 0.0219325 0.00261115
222 102 0.0206495 0.00243377
222 107 0.0195057 0.00221174
222 112 0.0185065 0.00197037
222 117 0.017649 0.00173045
222 122 0.0169238 0.00150839
222 127 0.0163172 0.0013166
222 132 0.0158129 0.0011641
222 137 0.015393 0.00105726
222 142 0.0150394 0.00100041
222 147 0.0147341 0.000996467
222 152 0.0144597 0.00104734
222 157 0.0141999 0.00115424
222 162 0.0139393 0.00131778
222 167 0.0136635 0.0015379
222 172 0.0133592 0.00181379
222 177 0.0130142 0.00214353
222 182 0.0126173 0.0025239
222 187 0.0121586 0.00295005
222 192 0.0116296 0.00341528
222 197 0.0110234 0.00391094
222 202 0.010335 0.00442641
222 207 0.00956145 0.0049493
222 212 0.00870225 0.00546573
222 217 0.00775931 0.00596088
222 222 0.00673715 0.00641953
222 227 0.00564287 0.00682684
222 232 0.00448602 0.00716907
222 237 0.0032783 0.00743431
222 242 0.00203325 0.00761316
222 247 0.000765755 0.00769927

227 2 0.000798016 -0.0121803
227 7 0.00477367 -0.0120396
227 12 0.00863746 -0.0116055
227 17 0.0122759 -0.010902
227 22 0.0155892 -0.00996768
227 27 0.0184966 -0.00885242
227 32 0.0209406 -0.00761347
227 37 0.0228891 -0.0063109
227 42 0.0243346 -0.00500323
227 47 0.0252933 -0.00374358
227 52 0.0258011 -0.00257659
227 57 0.0259096 -0.0015364
227 62 0.0256806 -0.000645701
227 67 0.0251817 8.4151e-05
227 72 0.0244813 0.000652186
227 77 0.0236445 0.00106619
227 82 0.0227304 0.00134071
227 87 0.0217895 0.00149489
227 92 0.0208629 0.0015504
227 97 0.0199817 0.00152962
227 102 0.0191677 0.00145416
227 107 0.0184341 0.00134382
227 112 0.0177865 0.00121591
227 117 0.0172248 0.00108498
227 122 0.016744 0.000962838
227 127 0.0163359 0.000858759
227 132 0.0159899 0.000779863
227 137 0.0156941 0.000731533
227 142 0.0154356 0.000717826
227 147 0.0152015 0.000741828
227 152 0.0149788 0.000805915
227 157 0.0147548 0.000911898
227 162 0.014517 0.00106106
227 167 0.0142534 0.00125409
227 172 0.0139525 0.00149092
227 177 0.0136034 0.00177051
227 182 0.0131959 0.00209061
227 187 0.0127208 0.00244754
227 192 0.0121701 0.00283604
227 197 0.0115371 0.00324912
227 202 0.0108172 0.00367813
227 207 0.0100076 0.00411291
227 212 0.00910805 0.00454203
227 217 0.00812069 0.00495325
227 222 0.00705043 0.00533401
227 227 0.0059048 0.00567202
227 232 0.00469384 0.00595591
227 237 0.00342986 0.00617583
227 242 0.00212703 0.006324
227 247 0.000800927 0.00639517

232 2 0.000626309 -0.00865308
232 7 0.00374707 -0.00855673
232 12 0.00678814 -0.00826612
232 17 0.00966953 -0.00779673
232 22 0.0123204 -0.00717342
232 27 0.0146828 -0.00642834
232 32 0.0167148 -0.00559847
232 37 0.0183915 -0.00472276
232 42 0.0197052 -0.00383934
232 47 0.0206647 -0.00298311
232 52 0.0212924 -0.00218365
232 57 0.021622 -0.00146398
232 62 0.0216949 -0.000839789
232 67 0.0215571 -0.000319521
232 72 0.0212555 9.51403e-05
232 77 0.0208357 0.000408271
232 82 0.0203395 0.00062847
232 87 0.0198033 0.000767511
232 92 0.0192571 0.000839025
232 97 0.0187246 0.000857327
232 102 0.0182228 0.000836453
232 107 0.0177628 0.000789457
232 112 0.0173504 0.000727953
232 117 0.016987 0.000661903
232 122 0.0166704 0.000599591
232 127 0.0163959 0.000547741
232 132 0.0161567 0.000511731
232 137 0.0159446 0.000495839
232 142 0.0157503 0.000503493
232 147 0.0155643 0.000537474
232 152 0.0153762 0.00060007
232 157 0.015176 0.000693143
232 162 0.014953 0.000818126
232 167 0.0146968 0.000975946
232 172 0.0143972 0.00116689
232 177 0.0140441 0.00139042
232 182 0.013628 0.00164502
232 187 0.0131401 0.00192797
232 192 0.0125727 0.00223528
232 197 0.0119194 0.00256155
232 202 0.0111757 0.00290007
232 207 0.010339 0.0032429
232 212 0.00940917 0.00358109
232 217 0.00838864 0.00390505
232 222 0.00728255 0.0042049
232 227 0.00609874 0.00447101
232 232 0.00484763 0.00469444
232 237 0.00354194 0.00486745
232 242 0.00219635 0.00498394
232 247 0.000826907 0.00503978

237 2 0.000517641 -0.00581601
237 7 0.00309718 -0.00575266
237 12 0.00561699 -0.00556612
237 17 0.0080179 -0.00526622
237 22 0.0102472 -0.00486831
237 27 0.0122617 -0.00439226
237 32 0.014029 -0.00386096
237 37 0.0155293 -0.00329864
237 42 0.0167551 -0.00272913
237 47 0.0177105 -0.00217434
237 52 0.0184099 -0.00165305
237 57 0.0188759 -0.00118001
237 62 0.0191372 -0.000765537
237 67 0.019226 -0.00041544
237 72 0.019176 -0.000131349
237 77 0.0190202 8.87327e-05
237 82 0.0187895 0.000249692
237 87 0.018511 0.000358489
237 92 0.0182079 0.000423356
237 97 0.0178987 0.000453074
237 102 0.0175974 0.00045637
237 107 0.0173135 0.000441468
237 112 0.0170527 0.000415799
237 117 0.0168175 0.000385841
237 122 0.0166073 0.000357095
237 127 0.0164195 0.000334138
237 132 0.0162496 0.000320744
237 137 0.016092 0.00032002
237 142 0.0159396 0.000334551
237 147 0.0157848 0.000366516
237 152 0.0156195 0.000417768
237 157 0.0154347 0.00048986
237 162 0.0152214 0.000584031
237 167 0.0149701 0.000701135
237 172 0.0146714 0.000841541
237 177 0.0143158 0.001005
237 182 0.0138941 0.00119052
237 187 0.0133981 0.00139623
237 192 0.0128201 0.00161931
237 197 0.012154 0.00185591
237 202 0.0113954 0.00210121
237 207 0.0105418 0.00234951
237 212 0.00959315 0.00259434
237 217 0.00855212 0.0028288
237 222 0.00742396 0.00304575
237 227 0.00621673 0.00323824
237 232 0.00494107 0.00339982
237 237 0.00360997 0.0035249
237 242 0.00223837 0.00360908
237 247 0.000842633 0.00364936

242 2 0.000451944 -0.00340786
242 7 0.00270499 -0.00337021
242 12 0.00491066 -0.00326374
242 17 0.00702125 -0.00309407
242 22 0.00899482 -0.00286936
242 27 0.0107967 -0.00260044
242 32 0.0124007 -0.0022999
242 37 0.01379 -0.00198113
242 42 0.0149573 -0.00165738
242 47 0.0159041 -0.00134087
242 52 0.0166402 -0.00104211
242 57 0.0171819 -0.000769483
242 62 0.0175503 -0.000528899
242 67 0.0177696 -0.000323824
242 72 0.0178657 -0.000155399
242 77 0.0178641 -2.27453e-05
242 82 0.017789 7.66437e-05
242 87 0.0176623 0.000146465
242 92 0.0175028 0.000191167
242 97 0.0173258 0.000215552
242 102 0.0171435 0.000224446
242 107 0.0169643 0.000222442
242 112 0.016794 0.000213736
242 117 0.0166354 0.000202032
242 122 0.0164889 0.000190521
242 127 0.0163531 0.000181905
242 132 0.016225 0.000178454
242 137 0.0161002 0.00018208
242 142 0.0159732 0.000194409
242 147 0.0158376 0.000216839
242 152 0.0156863 0.000250579
242 157 0.0155114 0.000296662
242 162 0.0153046 0.00035592
242 167 0.0150571 0.000428945
242 172 0.01476 0.000516023
242 177 0.0144043 0.000617051
242 182 0.0139812 0.000731459
242 187 0.0134824 0.000858133
242 192 0.0129007 0.000995361
242 197 0.0122301 0.00114081
242 202 0.0114662 0.00129153
242 207 0.0106067 0.00144402
242 212 0.00965161 0.00159435
242 217 0.00860368 0.00173827
242 222 0.00746824 0.00187142
242 227 0.00625342 0.00198954
242 232 0.00496994 0.00208866
242 237 0.00363086 0.00216538
242 242 0.0022512 0.00221699
242 247 0.00084739 0.00224167

247 2 0.000414534 -0.00124906
247 7 0.00249762 -0.00122856
247 12 0.00453968 -0.00118944
247 17 0.00649735 -0.00112865
247 22 0.00833484 -0.00104834
247 27 0.010022 -0.000952229
247 32 0.0115356 -0.000844747
247 37 0.0128606 -0.00073062
247 42 0.0139896 -0.000614532
247 47 0.0149233 -0.000500817
247 52 0.0156691 -0.000393226
247 57 0.0162401 -0.000294749
247 62 0.0166539 -0.000207524
247 67 0.016931 -0.000132822
247 72 0.0170931 -7.10938e-05
247 77 0.0171622 -2.20747e-05
247 82 0.0171593 1.50822e-05
247 87 0.0171034 4.16519e-05
247 92 0.0170113 5.9185e-05
247 97 0.0168967 6.93673e-05
247 102 0.0167707 7.39028e-05
247 107 0.0166413 7.44233e-05
247 112 0.0165141 7.2428e-05
247 117 0.0163921 6.92499e-05
247 122 0.0162761 6.60457e-05
247 127 0.0161654 6.38037e-05
247 132 0.0160575 6.33623e-05
247 137 0.0159487 6.54349e-05
247 142 0.0158343 7.06344e-05
247 147 0.0157085 7.94927e-05
247 152 0.0155647 9.24729e-05
247 157 0.0153957 0.000109972
247 162 0.0151934 0.000132313
247 167 0.0149497 0.000159728
247 172 0.0146557 0.000192332
247 177 0.014303 0.000230094
247 182 0.0138828 0.000272809
247 187 0.0133872 0.000320066
247 192 0.0128091 0.000371231
247 197 0.0121426 0.000425438
247 202 0.0113834 0.000481593
247 207 0.0105294 0.000538395
247 212 0.0095807 0.000594378
247 217 0.00853993 0.000647965
247 222 0.00741246 0.000697534
247 227 0.00620637 0.0007415
247 232 0.00493231 0.000778393
247 237 0.00360322 0.000806942
247 242 0.00223397 0.000826145
247 247 0.000840858 0.000835325

