2 2 0.502113 301.753
2 7 2.94243 287.277
2 12 5.04998 253.628
2 17 6.4765 205.007
2 22 6.94114 148.388
2 27 6.45319 92.0002
2 32 5.33859 42.5839
2 37 4.01701 3.5853
2 42 2.78946 -24.6441
2 47 1.79011 -43.5502
2 52 1.03883 -55.1729
2 57 0.503099 -61.4639
2 62 0.136166 -64.0264
2 67 -0.105817 -64.0796
2 72 -0.258414 -62.5103
2 77 -0.348565 -59.9455
2 82 -0.39594 -56.8192
2 87 -0.414592 -53.4259
2 92 -0.414414 -49.9613
2 97 -0.402288 -46.552
2 102 -0.382952 -43.2764
2 107 -0.359628 -40.1804
2 112 -0.334474 -37.2876
2 117 -0.308909 -34.607
2 122 -0.283837 -32.1378
2 127 -0.259811 -29.8734
2 132 -0.237145 -27.8038
2 137 -0.215989 -25.9168
2 142 -0.19639 -24.1996
2 147 -0.178325 -22.6394
2 152 -0.161731 -21.2235
2 157 -0.146516 -19.94
2 162 -0.13258 -18.778
2 167 -0.119817 -17.7271
2 172 -0.108119 -16.7781
2 177 -0.0973856 -15.9224
2 182 -0.0875211 -15.1526
2 187 -0.0784375 -14.4616
2 192 -0.0700569 -13.8433
2 197 -0.0623133 -13.2922
2 202 -0.0551576 -12.8031
2 207 -0.0485688 -12.3713
2 212 -0.0425803 -11.992
2 217 -0.0373479 -11.6596
2 222 -0.0333514 -11.3662
2 227 -0.032078 -11.0964
2 232 -0.0389029 -10.8103
2 237 -0.0797771 -10.3622
2 242 -0.369109 -8.90826
2 247 -7.84775 5.54145

7 2 2.89012 310.444
7 7 16.9847 295.372
7 12 29.3027 260.02
7 17 37.7172 208.411
7 22 40.3399 148.177
7 27 37.1829 88.8701
7 32 30.3871 38.0607
7 37 22.5816 -0.978907
7 42 15.5049 -28.5257
7 47 9.84276 -46.5452
7 52 5.63627 -57.3472
7 57 2.6607 -62.9755
7 62 0.634676 -65.0391
7 67 -0.694617 -64.7315
7 72 -1.52817 -62.9081
7 77 -2.01663 -60.1678
7 82 -2.26935 -56.9227
7 87 -2.36417 -53.4507
7 92 -2.35577 -49.9353
7 97 -2.28213 -46.4946
7 102 -2.16935 -43.2008
7 107 -2.03517 -40.0956
7 112 -1.89144 -37.1995
7 117 -1.74593 -34.5193
7 122 -1.60359 -32.053
7 127 -1.46743 -29.7929
7 132 -1.33911 -27.7283
7 137 -1.21946 -25.8467
7 142 -1.10868 -24.1349
7 147 -1.00662 -22.5798
7 152 -0.91289 -21.1688
7 157 -0.826983 -19.89
7 162 -0.748309 -18.7321
7 167 -0.67626 -17.6851
7 172 -0.610235 -16.7396
7 177 -0.549655 -15.8871
7 182 -0.493979 -15.12
7 187 -0.442707 -14.4316
7 192 -0.395398 -13.8156
7 197 -0.351671 -13.2666
7 202 -0.31124 -12.7795
7 207 -0.273961 -12.3496
7 212 -0.239956 -11.9725
7 217 -0.209927 -11.6431
7 222 -0.186003 -11.3551
7 227 -0.174365 -11.0984
7 232 -0.19456 -10.8533
7 237 -0.318048 -10.581
7 242 -0.835724 -10.2873
7 247 -2.24766 -11.1406

12 2 5.2399 330.673
12 7 31.049 314.517
12 12 54.4297 275.557
12 17 70.9526 216.694
12 22 75.5767 147.103
12 27 68.0536 80.5055
12 32 53.854 26.7713
12 37 38.7947 -11.8213
12 42 25.9202 -37.427
12 47 16.0266 -53.2522
12 52 8.86984 -62.14
12 57 3.89765 -66.2711
12 62 0.557247 -67.2276
12 67 -1.60814 -66.128
12 72 -2.94713 -63.7504
12 77 -3.71535 -60.6296
12 82 -4.0961 -57.1278
12 87 -4.21888 -53.4863
12 92 -4.17421 -49.8624
12 97 -4.02475 -46.355
12 102 -3.81341 -43.0233
12 107 -3.56923 -39.8993
12 112 -3.31158 -36.9972
12 117 -3.05304 -34.3192
12 122 -2.80157 -31.8601
12 127 -2.56193 -29.6103
12 132 -2.33675 -27.5574
12 137 -2.12717 -25.6881
12 142 -1.93342 -23.9886
12 147 -1.75511 -22.4453
12 152 -1.59149 -21.0455
12 157 -1.44161 -19.777
12 162 -1.3044 -18.6287
12 167 -1.17878 -17.5904
12 172 -1.06369 -16.6527
12 177 -0.958096 -15.8073
12 182 -0.861049 -15.0467
12 187 -0.77167 -14.364
12 192 -0.689173 -13.7532
12 197 -0.612878 -13.2088
12 202 -0.542244 -12.726
12 207 -0.47693 -12.3004
12 212 -0.416939 -11.9278
12 217 -0.362928 -11.6043
12 222 -0.316955 -11.3257
12 227 -0.284258 -11.0881
12 232 -0.277326 -10.8899
12 237 -0.321899 -10.7445
12 242 -0.435389 -10.7296
12 247 -0.416971 -10.999

17 2 7.69776 363.008
17 7 46.3782 346.25
17 12 84.2694 303.195
17 17 113.755 231.869
17 22 120.776 143.212
17 27 103.615 63.1487
17 32 77.2036 6.25508
17 37 52.8143 -29.7754
17 42 33.8069 -51.2864
17 47 20.0259 -63.2922
17 52 10.4155 -69.1335
17 57 3.90107 -70.9937
17 62 -0.39217 -70.3164
17 67 -3.1233 -68.0669
17 72 -4.77205 -64.8936
17 77 -5.68122 -61.2307
17 82 -6.09291 -57.366
17 87 -6.17655 -53.4871
17 92 -6.04984 -49.7127
17 97 -5.79377 -46.1145
17 102 -5.46356 -42.7325
17 107 -5.09637 -39.5855
17 112 -4.71676 -36.6781
17 117 -4.34058 -34.0062
17 122 -3.97767 -31.5603
17 127 -3.6338 -29.3274
17 132 -3.31195 -27.2935
17 137 -3.01329 -25.4437
17 142 -2.73776 -23.7634
17 147 -2.4846 -22.2386
17 152 -2.25256 -20.8561
17 157 -2.04018 -19.6037
17 162 -1.84589 -18.4701
17 167 -1.66808 -17.4451
17 172 -1.5052 -16.5196
17 177 -1.3558 -15.6851
17 182 -1.21848 -14.9342
17 187 -1.09199 -14.2603
17 192 -0.975195 -13.6573
17 197 -0.867094 -13.12
17 202 -0.766852 -12.6438
17 207 -0.673848 -12.2243
17 212 -0.587767 -11.858
17 217 -0.508787 -11.5415
17 222 -0.437896 -11.2725
17 227 -0.37732 -11.0499
17 232 -0.330396 -10.8764
17 237 -0.297489 -10.7634
17 242 -0.25844 -10.7326
17 247 -0.148564 -10.7804

22 2 9.85822 407.276
22 7 60.9808 392.607
22 12 118.619 350.221
22 17 176.011 261.879
22 22 188.232 129.95
22 27 144.687 27.3279
22 32 97.3738 -27.4844
22 37 62.0415 -55.5186
22 42 37.5176 -69.6363
22 47 20.8417 -75.9705
22 52 9.65335 -77.7004
22 57 2.27193 -76.6492
22 62 -2.47843 -73.938
22 67 -5.41957 -70.2829
22 72 -7.1261 -66.1492
22 77 -7.9993 -61.8388
22 82 -8.31865 -57.5455
22 87 -8.27797 -53.3897
22 92 -8.01085 -49.443
22 97 -7.60865 -45.744
22 102 -7.1332 -42.3095
22 107 -6.62576 -39.1418
22 112 -6.11328 -36.2347
22 117 -5.61286 -33.5761
22 122 -5.13486 -31.1512
22 127 -4.68506 -28.9436
22 132 -4.26615 -26.9368
22 137 -3.87881 -25.1143
22 142 -3.52245 -23.4606
22 147 -3.19565 -21.961
22 152 -2.89657 -20.602
22 157 -2.62312 -19.3713
22 162 -2.37314 -18.2576
22 167 -2.14449 -17.2506
22 172 -1.93511 -16.3413
22 177 -1.74308 -15.5214
22 182 -1.56658 -14.7836
22 187 -1.40396 -14.1213
22 192 -1.25374 -13.5288
22 197 -1.11459 -13.0009
22 202 -0.985334 -12.5331
22 207 -0.865032 -12.1214
22 212 -0.752957 -11.7626
22 217 -0.648665 -11.4537
22 222 -0.552009 -11.193
22 227 -0.462933 -10.9798
22 232 -0.38053 -10.8156
22 237 -0.300354 -10.7041
22 242 -0.210309 -10.6474
22 247 -0.0937025 -10.635

27 2 10.7874 459.895
27 7 68.473 452.499
27 12 145.143 428.421
27 17 271.561 348.448
27 22 312.886 66.623
27 27 178.698 -46.2359
27 32 105.522 -76.5217
27 37 62.4227 -87.6177
27 42 35.2277 -90.8495
27 47 17.5978 -90.0132
27 52 6.12657 -86.9171
27 57 -1.24599 -82.5821
27 62 -5.85297 -77.6304
27 67 -8.58902 -72.4518
27 72 -10.0655 -67.2905
27 77 -10.7032 -62.2964
27 82 -10.7925 -57.5571
27 87 -10.5329 -53.1193
27 92 -10.0609 -49.0026
27 97 -9.46916 -45.2095
27 102 -8.81972 -41.7316
27 107 -8.1534 -38.554
27 112 -7.49639 -35.6581
27 117 -6.86485 -33.0237
27 122 -6.26809 -30.6304
27 127 -5.71082 -28.458
27 132 -5.19471 -26.4874
27 137 -4.71947 -24.7007
27 142 -4.28355 -23.0813
27 147 -3.88471 -21.6139
27 152 -3.5203 -20.2848
27 157 -3.18752 -19.0815
27 162 -2.88357 -17.9927
27 167 -2.60572 -17.0083
27 172 -2.35138 -16.1192
27 177 -2.11813 -15.3175
27 182 -1.90375 -14.596
27 187 -1.7062 -13.9482
27 192 -1.52361 -13.3686
27 197 -1.35433 -12.8522
27 202 -1.19687 -12.3947
27 207 -1.04992 -11.9923
27 212 -0.91237 -11.6418
27 217 -0.783219 -11.3408
27 222 -0.661534 -11.0872
27 227 -0.546144 -10.8803
27 232 -0.435052 -10.7198
27 237 -0.324541 -10.6057
27 242 -0.208987 -10.5363
27 247 -0.0837522 -10.5056

32 2 9.89841 512.751
32 7 62.9634 515.583
32 12 134.272 526.738
32 17 255.542 582.573
32 22 282.293 -231.387
32 27 158.301 -149.947
32 32 90.7879 -131.157
32 37 51.0052 -120.728
32 42 26.0119 -111.946
32 47 9.9769 -103.634
32 52 -0.275163 -95.6458
32 57 -6.68533 -88.0377
32 62 -10.5173 -80.8814
32 67 -12.6204 -74.2218
32 72 -13.574 -68.0751
32 77 -13.7754 -62.4364
32 82 -13.497 -57.2864
32 87 -12.9247 -52.5978
32 92 -12.1847 -48.3388
32 97 -11.3614 -44.476
32 102 -10.5105 -40.9763
32 107 -9.66794 -37.8076
32 112 -8.85592 -34.9397
32 117 -8.08743 -32.3444
32 122 -7.3692 -29.9957
32 127 -6.70382 -27.8701
32 132 -6.09119 -25.9461
32 137 -5.5295 -24.2043
32 142 -5.01596 -22.6273
32 147 -4.54723 -21.1993
32 152 -4.11972 -19.9065
32 157 -3.72982 -18.7362
32 162 -3.37402 -17.6773
32 167 -3.04896 -16.7199
32 172 -2.75152 -15.855
32 177 -2.47878 -15.075
32 182 -2.2281 -14.3728
32 187 -1.99702 -13.7422
32 192 -1.78336 -13.1778
32 197 -1.58511 -12.675
32 202 -1.40047 -12.2294
32 207 -1.22783 -11.8376
32 212 -1.06569 -11.4964
32 217 -0.912672 -11.2035
32 222 -0.76738 -10.9569
32 227 -0.628222 -10.7553
32 232 -0.49317 -10.5974
32 237 -0.359593 -10.4823
32 242 -0.224631 -10.408
32 247 -0.0864897 -10.3713

37 2 6.93861 555.549
37 7 43.0988 564.794
37 12 84.2724 592.012
37 17 123.372 650.534
37 22 127.568 -281.196
37 27 94.2458 -212.767
37 32 57.1142 -173.103
37 37 29.4966 -147.989
37 42 10.7334 -129.643
37 47 -1.52225 -114.994
37 52 -9.23163 -102.751
37 57 -13.825 -92.2753
37 62 -16.3116 -83.1938
37 67 -17.395 -75.2545
37 72 -17.5621 -68.2716
37 77 -17.1474 -62.1006
37 82 -16.3793 -56.6259
37 87 -15.4123 -51.7528
37 92 -14.3497 -47.4034
37 97 -13.2593 -43.5121
37 102 -12.1844 -40.0236
37 107 -11.1521 -36.8907
37 112 -10.1775 -34.0729
37 117 -9.26855 -31.535
37 122 -8.42802 -29.2465
37 127 -7.65539 -27.1808
37 132 -6.94811 -25.3146
37 137 -6.30247 -23.6273
37 142 -5.71409 -22.101
37 147 -5.17834 -20.7198
37 152 -4.69057 -19.4695
37 157 -4.24629 -18.3378
37 162 -3.84122 -17.3137
37 167 -3.47136 -16.3875
37 172 -3.13302 -15.5506
37 177 -2.82282 -14.7956
37 182 -2.53767 -14.1155
37 187 -2.27476 -13.5047
37 192 -2.03154 -12.9578
37 197 -1.8057 -12.4703
37 202 -1.59515 -12.0383
37 207 -1.39799 -11.6583
37 212 -1.21244 -11.3275
37 217 -1.03683 -11.0434
37 222 -0.8695 -10.8039
37 227 -0.70873 -10.6076
37 232 -0.552628 -10.4531
37 237 -0.399184 -10.3389
37 242 -0.246531 -10.2634
37 247 -0.0934497 -10.2249

42 2 3.42766 581.532
42 7 20.7875 592.414
42 12 37.9232 619.982
42 17 49.7882 664.736
42 22 49.1366 -291.527
42 27 36.2582 -239.219
42 32 18.4138 -197.589
42 37 2.83528 -166.073
42 42 -8.44513 -141.849
42 47 -15.772 -122.74
42 52 -20.0712 -107.331
42 57 -22.2274 -94.684
42 62 -22.935 -84.1505
42 67 -22.6995 -75.2651
42 72 -21.8755 -67.6859
42 77 -20.7062 -61.1577
42 82 -19.3558 -55.4872
42 87 -17.933 -50.5259
42 92 -16.5084 -46.1585
42 97 -15.1264 -42.2939
42 102 -13.8133 -38.8593
42 107 -12.5836 -35.7955
42 112 -11.4434 -33.0542
42 117 -10.394 -30.5949
42 122 -9.43291 -28.3839
42 127 -8.55589 -26.3923
42 132 -7.75746 -24.5957
42 137 -7.0316 -22.973
42 142 -6.37217 -21.5058
42 147 -5.7731 -20.1784
42 152 -5.22861 -18.9769
42 157 -4.73325 -17.8892
42 162 -4.28197 -16.9045
42 167 -3.87012 -16.0136
42 172 -3.49346 -15.2083
42 177 -3.14813 -14.4813
42 182 -2.83063 -13.8262
42 187 -2.53779 -13.2374
42 192 -2.26676 -12.71
42 197 -2.01493 -12.2397
42 202 -1.77994 -11.8227
42 207 -1.55964 -11.4558
42 212 -1.35202 -11.1362
42 217 -1.15521 -10.8616
42 222 -0.967395 -10.63
42 227 -0.786771 -10.4396
42 232 -0.611545 -10.2891
42 237 -0.439965 -10.1772
42 242 -0.270464 -10.1026
42 247 -0.101844 -10.064

47 2 0.112145 590.25
47 7 0.742945 601.229
47 12 1.25208 627.324
47 17 0.201739 666.087
47 22 -3.92107 -297.361
47 27 -10.8293 -250.982
47 32 -18.6722 -209.61
47 37 -25.1495 -175.38
47 42 -29.3713 -147.964
47 47 -31.4725 -126.188
47 52 -31.9519 -108.827
47 57 -31.3207 -94.8515
47 62 -29.9881 -83.4607
47 67 -28.2502 -74.0532
47 72 -26.3106 -66.1824
47 77 -24.3045 -59.5174
47 82 -22.319 -53.8115
47 87 -20.4078 -48.8797
47 92 -18.6023 -44.5815
47 97 -16.9189 -40.8087
47 102 -15.3639 -37.4772
47 107 -13.937 -34.5203
47 112 -12.634 -31.8847
47 117 -11.4481 -29.527
47 122 -10.3714 -27.4116
47 127 -9.39526 -25.5089
47 132 -8.51097 -23.794
47 137 -7.71007 -22.2456
47 142 -6.9845 -20.846
47 147 -6.32672 -19.5794
47 152 -5.72975 -18.4326
47 157 -5.1872 -17.3939
47 162 -4.69325 -16.453
47 167 -4.24263 -15.6012
47 172 -3.83055 -14.8307
47 177 -3.45272 -14.1346
47 182 -3.10525 -13.5069
47 187 -2.78465 -12.9423
47 192 -2.48775 -12.4363
47 197 -2.21171 -11.9848
47 202 -1.95391 -11.5842
47 207 -1.71201 -11.2315
47 212 -1.4838 -10.9241
47 217 -1.26725 -10.6598
47 222 -1.06043 -10.4366
47 227 -0.861474 -10.2528
47 232 -0.668607 -10.1073
47 237 -0.480148 -9.99858
47 242 -0.294575 -9.92576
47 247 -0.110583 -9.88796

52 2 -2.95516 583.09
52 7 -17.3818 594.527
52 12 -30.3308 621.303
52 17 -40.7047 660.335
52 22 -48.0687 -303.092
52 27 -52.4194 -256.126
52 32 -53.7571 -213.261
52 37 -52.8655 -177.169
52 42 -50.5535 -148.105
52 47 -47.4581 -125.126
52 52 -44.0105 -106.992
52 57 -40.4786 -92.5761
52 62 -37.0203 -80.9793
52 67 -33.724 -71.521
52 72 -30.6356 -63.698
52 77 -27.7755 -57.1407
52 82 -25.1481 -51.5764
52 87 -22.7487 -46.8029
52 92 -20.5669 -42.6682
52 97 -18.5891 -39.0572
52 102 -16.8004 -35.8809
52 107 -15.1852 -33.0703
52 112 -13.7283 -30.5706
52 117 -12.4149 -28.3378
52 122 -11.2309 -26.3364
52 127 -10.1635 -24.5371
52 132 -9.2006 -22.9154
52 137 -8.33131 -21.451
52 142 -7.54567 -20.1267
52 147 -6.83466 -18.9275
52 152 -6.19017 -17.8409
52 157 -5.6049 -16.8558
52 162 -5.07231 -15.9628
52 167 -4.58652 -15.1535
52 172 -4.14227 -14.4207
52 177 -3.73484 -13.7581
52 182 -3.36002 -13.16
52 187 -3.014 -12.6216
52 192 -2.69337 -12.1386
52 197 -2.39505 -11.7073
52 202 -2.11624 -11.3243
52 207 -1.85438 -10.9869
52 212 -1.60715 -10.6926
52 217 -1.37237 -10.4393
52 222 -1.14799 -10.2252
52 227 -0.932116 -10.0488
52 232 -0.722925 -9.90873
52 237 -0.518725 -9.80397
52 242 -0.31795 -9.73361
52 247 -0.119176 -9.697

57 2 -6.0051 560.772
57 7 -35.4184 573.482
57 12 -61.7919 603.698
57 17 -81.4477 648.509
57 22 -91.9547 -309.407
57 27 -93.5798 -256.39
57 32 -88.2152 -209.723
57 37 -79.8223 -171.912
57 42 -70.9472 -142.391
57 47 -62.7026 -119.559
57 52 -55.4116 -101.812
57 57 -49.0705 -87.8526
57 62 -43.5713 -76.7112
57 67 -38.7894 -67.6801
57 72 -34.613 -60.2482
57 77 -30.9487 -54.0447
57 82 -27.7207 -48.7993
57 87 -24.8671 -44.3123
57 92 -22.3373 -40.4348
57 97 -20.0892 -37.0543
57 102 -18.0874 -34.0844
57 107 -16.3018 -31.4584
57 112 -14.7064 -29.1236
57 117 -13.2789 -27.038
57 122 -11.9995 -25.1678
57 127 -10.8512 -23.4854
57 132 -9.81887 -21.9679
57 137 -8.8893 -20.5962
57 142 -8.05075 -19.3542
57 147 -7.29287 -18.2283
57 152 -6.6065 -17.2068
57 157 -5.98352 -16.2795
57 162 -5.41673 -15.4378
57 167 -4.89972 -14.674
57 172 -4.42682 -13.9815
57 177 -3.99296 -13.3546
57 182 -3.5936 -12.7881
57 187 -3.2247 -12.2775
57 192 -2.88263 -11.819
57 197 -2.5641 -11.4091
57 202 -2.26616 -11.0449
57 207 -1.98612 -10.7237
57 212 -1.72149 -10.4433
57 217 -1.47001 -10.2017
57 222 -1.22955 -9.99735
57 227 -0.998131 -9.82877
57 232 -0.773893 -9.69478
57 237 -0.555092 -9.59442
57 242 -0.340095 -9.52693
57 247 -0.127373 -9.49176

62 2 -9.2173 522.831
62 7 -54.8853 537.109
62 12 -97.4841 572.882
62 17 -129.61 629.774
62 22 -143.285 -315.409
62 27 -138.738 -249.733
62 32 -123.043 -197.527
62 37 -105.329 -159.023
62 42 -89.4263 -130.764
62 47 -76.1657 -109.64
62 52 -65.3365 -93.4872
62 57 -56.4916 -80.8663
62 62 -49.2058 -70.809
62 67 -43.1364 -62.6509
62 72 -38.0221 -55.926
62 77 -33.6668 -50.3017
62 82 -29.9236 -45.5365
62 87 -26.6813 -41.4526
62 92 -23.8543 -37.917
62 97 -21.3758 -34.8291
62 102 -19.1929 -32.1116
62 107 -17.2628 -29.7046
62 112 -15.5503 -27.5606
62 117 -14.0264 -25.6419
62 122 -12.6665 -23.9183
62 127 -11.4501 -22.3647
62 132 -10.3593 -20.9608
62 137 -9.37885 -19.6892
62 142 -8.49556 -18.5358
62 147 -7.69793 -17.4881
62 152 -6.9759 -16.5358
62 157 -6.32067 -15.6698
62 162 -5.72449 -14.8824
62 167 -5.18053 -14.1666
62 172 -4.68276 -13.5166
62 177 -4.2258 -12.9272
62 182 -3.8049 -12.3939
62 187 -3.4158 -11.9125
62 192 -3.05469 -11.4797
62 197 -2.71815 -11.0924
62 202 -2.40308 -10.7478
62 207 -2.10667 -10.4436
62 212 -1.82634 -10.1777
62 217 -1.55974 -9.94851
62 222 -1.30467 -9.7544
62 227 -1.05909 -9.59413
62 232 -0.821087 -9.46662
62 237 -0.588863 -9.37103
62 242 -0.360718 -9.30669
62 247 -0.135038 -9.27314

67 2 -12.411 468.609
67 7 -75.3337 482.831
67 12 -140.218 522.582
67 17 -196.464 599.457
67 22 -214.272 -317.231
67 27 -191.393 -228.641
67 32 -156.929 -172.714
67 37 -127.347 -137.409
67 42 -104.354 -113.336
67 47 -86.694 -95.8192
67 52 -72.9961 -82.4827
67 57 -62.2026 -72.0017
67 62 -53.5525 -63.5681
67 67 -46.5066 -56.6534
67 72 -40.6811 -50.8944
67 77 -35.8007 -46.0324
67 82 -31.6646 -41.8785
67 87 -28.1247 -38.2923
67 92 -25.0694 -35.1676
67 97 -22.4135 -32.423
67 102 -20.0907 -29.9954
67 107 -18.0486 -27.8352
67 112 -16.2452 -25.9032
67 117 -14.6463 -24.1676
67 122 -13.2236 -22.6028
67 127 -11.9537 -21.1877
67 132 -10.8167 -19.9048
67 137 -9.79588 -18.7395
67 142 -8.87683 -17.6794
67 147 -8.04717 -16.7139
67 152 -7.29619 -15.8341
67 157 -6.61454 -15.0321
67 162 -5.99408 -14.3012
67 167 -5.42765 -13.6354
67 172 -4.90895 -13.0296
67 177 -4.43241 -12.4792
67 182 -3.99308 -11.9803
67 187 -3.58657 -11.5293
67 192 -3.20893 -11.1231
67 197 -2.85664 -10.7591
67 202 -2.52649 -10.4349
67 207 -2.21559 -10.1483
67 212 -1.92131 -9.89762
67 217 -1.64119 -9.68122
67 222 -1.37301 -9.4978
67 227 -1.11467 -9.34621
67 232 -0.864212 -9.22551
67 237 -0.619786 -9.13496
67 242 -0.379638 -9.07397
67 247 -0.142085 -9.04214

72 2 -14.7349 399.928
72 7 -91.4697 409.246
72 12 -183.277 438.791
72 17 -306.272 529.679
72 22 -339.372 -292.267
72 27 -246.221 -174.179
72 32 -182.705 -130.953
72 37 -141.839 -107.235
72 42 -113.639 -91.1594
72 47 -93.1597 -79.1085
72 52 -77.7389 -69.5899
72 57 -65.801 -61.8412
72 62 -56.3491 -55.408
72 67 -48.7222 -49.9889
72 72 -42.4665 -45.3706
72 77 -37.2627 -41.3948
72 82 -32.8806 -37.9416
72 87 -29.1516 -34.9183
72 92 -25.9492 -32.2523
72 97 -23.1775 -29.8865
72 102 -20.7624 -27.7751
72 107 -18.6457 -25.8817
72 112 -16.781 -24.1766
72 117 -15.1309 -22.6354
72 122 -13.6648 -21.2382
72 127 -12.3574 -19.9683
72 132 -11.1876 -18.8118
72 137 -10.1376 -17.7569
72 142 -9.19235 -16.7936
72 147 -8.33882 -15.9131
72 152 -7.56589 -15.1081
72 157 -6.8639 -14.372
72 162 -6.22445 -13.6992
72 167 -5.64019 -13.0847
72 172 -5.10465 -12.5243
72 177 -4.61213 -12.0139
72 182 -4.15758 -11.5503
72 187 -3.73652 -11.1304
72 192 -3.34492 -10.7516
72 197 -2.97918 -10.4116
72 202 -2.63606 -10.1082
72 207 -2.31259 -9.83978
72 212 -2.0061 -9.60462
72 217 -1.71411 -9.40142
72 222 -1.43434 -9.229
72 227 -1.16466 -9.08637
72 232 -0.90307 -8.97273
72 237 -0.647696 -8.8874
72 242 -0.396738 -8.8299
72 247 -0.148466 -8.79988

77 2 -15.0135 324.231
77 7 -93.5876 324.216
77 12 -190.833 321.071
77 17 -349.153 286.756
77 22 -415.758 -16.3836
77 27 -258.922 -75.7361
77 32 -187.184 -77.2405
77 37 -144.483 -72.5738
77 42 -115.674 -66.839
77 47 -94.8856 -61.1677
77 52 -79.2398 -55.8946
77 57 -67.1089 -51.1134
77 62 -57.486 -46.8281
77 67 -49.7096 -43.0062
77 72 -43.3259 -39.6022
77 77 -38.0145 -36.5677
77 82 -33.5432 -33.8567
77 87 -29.7405 -31.4277
77 92 -26.4776 -29.2444
77 97 -23.6559 -27.2756
77 102 -21.1991 -25.4944
77 107 -19.0473 -23.8783
77 112 -17.1526 -22.4081
77 117 -15.4764 -21.0674
77 122 -13.9872 -19.8425
77 127 -12.659 -18.7216
77 132 -11.4703 -17.6943
77 137 -10.4028 -16.7521
77 142 -9.4411 -15.8873
77 147 -8.57205 -15.0933
77 152 -7.78435 -14.3642
77 157 -7.06822 -13.6951
77 162 -6.41516 -13.0813
77 167 -5.81776 -12.519
77 172 -5.2695 -12.0045
77 177 -4.76465 -11.5348
77 182 -4.29812 -11.107
77 187 -3.86539 -10.7187
77 192 -3.46241 -10.3677
77 197 -3.08557 -10.052
77 202 -2.73158 -9.76985
77 207 -2.39749 -9.51978
77 212 -2.08057 -9.30044
77 217 -1.77834 -9.11067
77 222 -1.4885 -8.94947
77 227 -1.2089 -8.816
77 232 -0.937535 -8.70956
77 237 -0.672491 -8.62959
77 242 -0.411949 -8.57567
77 247 -0.154149 -8.54751

82 2 -13.1675 252.847
82 7 -80.5713 246.073
82 12 -153.941 223.651
82 17 -228.103 165.917
82 22 -251.776 65.7749
82 27 -211.391 -2.92315
82 32 -168.09 -30.5868
82 37 -135.162 -40.7684
82 42 -110.666 -43.8962
82 47 -92.0791 -43.9395
82 52 -77.6516 -42.5723
82 57 -66.2278 -40.5754
82 62 -57.0273 -38.3374
82 67 -49.5077 -36.0579
82 72 -43.2822 -33.8393
82 77 -38.0692 -31.7316
82 82 -33.6594 -29.7563
82 87 -29.8954 -27.9195
82 92 -26.6565 -26.2189
82 97 -23.8496 -24.6477
82 102 -21.4013 -23.1978
82 107 -19.2537 -21.86
82 112 -17.3602 -20.6257
82 117 -15.6829 -19.4863
82 122 -14.191 -18.4343
82 127 -12.8588 -17.4626
82 132 -11.665 -16.565
82 137 -10.5916 -15.7357
82 142 -9.62326 -14.9696
82 147 -8.74703 -14.2622
82 152 -7.9517 -13.6093
82 157 -7.22759 -13.0072
82 162 -6.56628 -12.4526
82 167 -5.96042 -11.9424
82 172 -5.40356 -11.4741
82 177 -4.89 -11.0452
82 182 -4.4147 -10.6534
82 187 -3.97317 -10.2968
82 192 -3.56139 -9.97371
82 197 -3.17576 -9.68248
82 202 -2.81303 -9.42171
82 207 -2.47022 -9.19018
82 212 -2.14464 -8.98678
82 217 -1.83381 -8.81056
82 222 -1.53543 -8.66069
82 227 -1.24735 -8.53648
82 232 -0.967546 -8.43733
82 237 -0.69412 -8.36279
82 242 -0.425235 -8.3125
82 247 -0.159118 -8.28623

87 2 -10.3724 193.828
87 7 -62.1198 185.647
87 12 -112.051 163.35
87 17 -152.471 123.343
87 22 -169.054 71.5007
87 27 -159.807 26.9314
87 32 -139.542 -1.25485
87 37 -118.775 -16.8535
87 42 -100.753 -25.0063
87 47 -85.8215 -28.9792
87 52 -73.577 -30.5953
87 57 -63.5148 -30.8683
87 62 -55.1927 -30.3755
87 67 -48.2555 -29.4543
87 72 -42.4253 -28.3057
87 77 -37.4858 -27.0509
87 82 -33.269 -25.7631
87 87 -29.6432 -24.4864
87 92 -26.5049 -23.2464
87 97 -23.7719 -22.0578
87 102 -21.3786 -20.9283
87 107 -19.272 -19.861
87 112 -17.4092 -18.8567
87 117 -15.7547 -17.9141
87 122 -14.2796 -17.0316
87 127 -12.9594 -16.2065
87 132 -11.7739 -15.4363
87 137 -10.7057 -14.7182
87 142 -9.74025 -14.0494
87 147 -8.86492 -13.4274
87 152 -8.0689 -12.8497
87 157 -7.34281 -12.3139
87 162 -6.67846 -11.8179
87 167 -6.0687 -11.3595
87 172 -5.50724 -10.937
87 177 -4.98851 -10.5485
87 182 -4.5076 -10.1925
87 187 -4.06008 -9.86747
87 192 -3.64203 -9.57215
87 197 -3.2499 -9.3053
87 202 -2.88049 -9.06584
87 207 -2.53087 -8.85281
87 212 -2.19838 -8.66534
87 217 -1.88056 -8.50266
87 222 -1.57514 -8.36413
87 227 -1.27999 -8.24919
87 232 -0.993099 -8.15735
87 237 -0.712574 -8.08826
87 242 -0.436587 -8.04162
87 247 -0.163368 -8.01725

92 2 -7.7395 148.796
92 7 -45.762 141.923
92 12 -80.3425 124.922
92 17 -106.858 98.4315
92 22 -120.454 66.7271
92 27 -120.701 37.0686
92 32 -112.36 14.3043
92 37 -100.649 -1.16721
92 42 -88.6257 -11.0168
92 47 -77.5707 -17.0279
92 52 -67.8562 -20.5301
92 57 -59.4789 -22.4132
92 62 -52.3031 -23.2551
92 67 -46.1614 -23.429
92 72 -40.8935 -23.1775
92 77 -36.3584 -22.6595
92 82 -32.4367 -21.9798
92 87 -29.0295 -21.2076
92 92 -26.0551 -20.389
92 97 -23.4465 -19.5546
92 102 -21.1485 -18.7247
92 107 -19.1154 -17.9124
92 112 -17.3096 -17.1262
92 117 -15.6995 -16.3715
92 122 -14.2589 -15.6513
92 127 -12.9656 -14.9673
92 132 -11.8007 -14.32
92 137 -10.7483 -13.7095
92 142 -9.79459 -13.1352
92 147 -8.9278 -12.5963
92 152 -8.13766 -12.0919
92 157 -7.41528 -11.6209
92 162 -6.75286 -11.1821
92 167 -6.14356 -10.7744
92 172 -5.58135 -10.3968
92 177 -5.06087 -10.048
92 182 -4.57737 -9.7272
92 187 -4.12659 -9.43328
92 192 -3.70471 -9.16536
92 197 -3.3083 -8.92258
92 202 -2.93422 -8.70419
92 207 -2.57963 -8.50946
92 212 -2.24193 -8.33776
92 217 -1.91871 -8.18851
92 222 -1.60773 -8.06124
92 227 -1.30689 -7.95549
92 232 -1.01424 -7.87093
92 237 -0.727881 -7.80725
92 242 -0.44602 -7.76424
92 247 -0.166903 -7.74176

97 2 -5.68258 115.565
97 7 -33.4327 110.473
97 12 -58.2235 98.4137
97 17 -77.3757 80.5982
97 22 -88.8048 59.6734
97 27 -92.3304 39.1308
97 32 -89.8118 21.658
97 37 -83.7975 8.23489
97 42 -76.3238 -1.42302
97 47 -68.6227 -8.08275
97 52 -61.314 -12.5263
97 57 -54.6542 -15.3888
97 62 -48.7113 -17.1423
97 67 -43.4633 -18.1241
97 72 -38.8503 -18.5721
97 77 -34.8008 -18.6529
97 82 -31.2434 -18.4832
97 87 -28.1124 -18.1452
97 92 -25.3498 -17.6967
97 97 -22.9049 -17.1786
97 102 -20.7345 -16.6198
97 107 -18.8017 -16.0409
97 112 -17.0752 -15.4564
97 117 -15.528 -14.8766
97 122 -14.1375 -14.3087
97 127 -12.884 -13.7577
97 132 -11.7509 -13.227
97 137 -10.7237 -12.7189
97 142 -9.78985 -12.2348
97 147 -8.93857 -11.7756
97 152 -8.16038 -11.3417
97 157 -7.447 -10.9331
97 162 -6.79114 -10.5496
97 167 -6.18639 -10.1911
97 172 -5.62703 -9.85699
97 177 -5.10802 -9.54692
97 182 -4.62481 -9.26036
97 187 -4.17335 -8.99676
97 192 -3.74998 -8.75562
97 197 -3.3514 -8.53641
97 202 -2.9746 -8.33864
97 207 -2.61683 -8.16187
97 212 -2.27556 -8.00566
97 217 -1.94845 -7.86962
97 222 -1.63334 -7.75341
97 227 -1.32818 -7.65673
97 232 -1.03105 -7.57933
97 237 -0.740102 -7.521
97 242 -0.453571 -7.48158
97 247 -0.169737 -7.46096

102 2 -4.19089 91.1502
102 7 -24.64 87.5328
102 12 -42.9381 79.1073
102 17 -57.4466 66.8658
102 22 -67.058 52.4471
102 27 -71.6176 37.787
102 32 -71.9329 24.4918
102 37 -69.2989 13.4288
102 42 -64.9651 4.7705
102 47 -59.8663 -1.72209
102 52 -54.5992 -6.44004
102 57 -49.5019 -9.77794
102 62 -44.7435 -12.0737
102 67 -40.3925 -13.5956
102 72 -36.4613 -14.5487
102 77 -32.9328 -15.0865
102 82 -29.7764 -15.3228
102 87 -26.9565 -15.3419
102 92 -24.4367 -15.2058
102 97 -22.1831 -14.9604
102 102 -20.1642 -14.6395
102 107 -18.3522 -14.2684
102 112 -16.7224 -13.8656
102 117 -15.2532 -13.445
102 122 -13.9255 -13.0169
102 127 -12.723 -12.5889
102 132 -11.6311 -12.1668
102 137 -10.6373 -11.7546
102 142 -9.73042 -11.3554
102 147 -8.90086 -10.9715
102 152 -8.14005 -10.6044
102 157 -7.44045 -10.2552
102 162 -6.79538 -9.92467
102 167 -6.19891 -9.61316
102 172 -5.64576 -9.32094
102 177 -5.13118 -9.04809
102 182 -4.65095 -8.79458
102 187 -4.20123 -8.5603
102 192 -3.77857 -8.34509
102 197 -3.37983 -8.14873
102 202 -3.00214 -7.97102
102 207 -2.64287 -7.81171
102 212 -2.2996 -7.67059
102 217 -1.97008 -7.54743
102 222 -1.65222 -7.44203
102 227 -1.34404 -7.35421
102 232 -1.04367 -7.28381
102 237 -0.749327 -7.23071
102 242 -0.459293 -7.19479
102 247 -0.171888 -7.176

107 2 -3.13303 73.0352
107 7 -18.4427 70.4826
107 12 -32.2673 64.563
107 17 -43.5513 55.9722
107 22 -51.61 45.7437
107 27 -56.2873 35.0454
107 32 -57.944 24.8964
107 37 -57.2622 15.9638
107 42 -54.9951 8.53277
107 47 -51.7938 2.60331
107 52 -48.1428 -1.98248
107 57 -44.3665 -5.44171
107 62 -40.6646 -7.99324
107 67 -37.1495 -9.83127
107 72 -33.8769 -11.1172
107 77 -30.8675 -11.9805
107 82 -28.1211 -12.5224
107 87 -25.6263 -12.8217
107 92 -23.3655 -12.939
107 97 -21.3191 -12.9206
107 102 -19.467 -12.8021
107 107 -17.7898 -12.6108
107 112 -16.2695 -12.3677
107 117 -14.8894 -12.0888
107 122 -13.6346 -11.7865
107 127 -12.4918 -11.4702
107 132 -11.4489 -11.1474
107 137 -10.4952 -10.8236
107 142 -9.62139 -10.5031
107 147 -8.81888 -10.1894
107 152 -8.08017 -9.88495
107 157 -7.39855 -9.59166
107 162 -6.76801 -9.311
107 167 -6.18318 -9.04405
107 172 -5.63923 -8.79161
107 177 -5.13182 -8.55423
107 182 -4.65701 -8.33232
107 187 -4.21127 -8.12612
107 192 -3.79135 -7.93579
107 197 -3.39431 -7.76142
107 202 -3.01744 -7.60302
107 207 -2.65827 -7.46057
107 212 -2.31448 -7.33402
107 217 -1.98393 -7.22332
107 222 -1.66463 -7.12839
107 227 -1.35467 -7.04916
107 232 -1.05225 -6.98556
107 237 -0.755671 -6.93753
107 242 -0.463254 -6.90502
107 247 -0.173383 -6.88801

112 2 -2.3817 59.3835
112 7 -14.0459 57.5671
112 12 -24.6957 53.3507
112 17 -33.6252 47.2002
112 22 -40.3709 39.78
112 27 -44.7826 31.8322
112 32 -47.0134 24.0305
112 37 -47.4292 16.8703
112 42 -46.4838 10.632
112 47 -44.6151 5.40977
112 52 -42.1874 1.17096
112 57 -39.4746 -2.18641
112 62 -36.6677 -4.79115
112 67 -33.8917 -6.7733
112 72 -31.2227 -8.25125
112 77 -28.7037 -9.32673
112 82 -26.3548 -10.0843
112 87 -24.1824 -10.5925
112 92 -22.1835 -10.9066
112 97 -20.3504 -11.0704
112 102 -18.6726 -11.1187
112 107 -17.1381 -11.0789
112 112 -15.7351 -10.9726
112 117 -14.4517 -10.817
112 122 -13.2769 -10.6255
112 127 -12.2003 -10.4088
112 132 -11.2123 -10.1753
112 137 -10.3043 -9.93161
112 142 -9.46829 -9.6831
112 147 -8.69722 -9.43391
112 152 -7.98458 -9.18734
112 157 -7.32452 -8.94599
112 162 -6.71174 -8.71192
112 167 -6.14148 -8.48673
112 172 -5.6094 -8.2717
112 177 -5.11156 -8.0678
112 182 -4.64439 -7.87579
112 187 -4.20464 -7.69624
112 192 -3.78931 -7.5296
112 197 -3.39568 -7.37618
112 202 -3.02123 -7.23623
112 207 -2.66362 -7.10991
112 212 -2.32069 -6.99734
112 217 -1.99042 -6.8986
112 222 -1.6709 -6.81373
112 227 -1.36033 -6.74276
112 232 -1.05701 -6.68571
112 237 -0.759273 -6.64257
112 242 -0.465539 -6.61336
112 247 -0.174252 -6.59805

117 2 -1.84171 48.9179
117 7 -10.8822 47.6066
117 12 -19.2259 44.553
117 17 -26.387 40.0663
117 22 -32.036 34.5815
117 27 -36.0367 28.5863
117 32 -38.4417 22.5394
117 37 -39.447 16.8055
117 42 -39.3263 11.6256
117 47 -38.3696 7.12118
117 52 -36.8404 3.32058
117 57 -34.9553 0.190515
117 62 -32.8795 -2.33599
117 67 -30.7323 -4.33948
117 72 -28.5954 -5.90145
117 77 -26.5216 -7.09751
117 82 -24.5433 -7.99433
117 87 -22.6781 -8.64883
117 92 -20.9338 -9.10864
117 97 -19.3117 -9.41305
117 102 -17.8088 -9.5942
117 107 -16.4198 -9.67821
117 112 -15.1377 -9.68624
117 117 -13.9553 -9.63543
117 122 -12.8648 -9.53958
117 127 -11.8587 -9.40987
117 132 -10.9298 -9.25532
117 137 -10.0713 -9.0832
117 142 -9.27697 -8.89942
117 147 -8.54078 -8.70874
117 152 -7.85739 -8.515
117 157 -7.22181 -8.32133
117 162 -6.6295 -8.13025
117 167 -6.07629 -7.94379
117 172 -5.55835 -7.76358
117 177 -5.07219 -7.59096
117 182 -4.6146 -7.42699
117 187 -4.18263 -7.2725
117 192 -3.77356 -7.12819
117 197 -3.38489 -6.99459
117 202 -3.01429 -6.87212
117 207 -2.6596 -6.76112
117 212 -2.3188 -6.66184
117 217 -1.99 -6.57449
117 222 -1.67141 -6.49922
117 227 -1.36134 -6.43614
117 232 -1.05815 -6.38535
117 237 -0.760289 -6.34689
117 242 -0.466243 -6.32081
117 247 -0.17453 -6.30715

122 2 -1.44742 40.7593
122 7 -8.56773 39.797
122 12 -15.203 37.5475
122 17 -21.0116 34.2168
122 22 -25.7526 30.0951
122 27 -29.3078 25.5112
122 32 -31.681 20.7839
122 37 -32.9745 16.1819
122 42 -33.3532 11.9014
122 47 -33.0074 8.06226
122 52 -32.1237 4.71857
122 57 -30.8671 1.87501
122 62 -29.3729 -0.495751
122 67 -27.7459 -2.43885
122 72 -26.0641 -4.00685
122 77 -24.3827 -5.25306
122 82 -22.7392 -6.22768
122 87 -21.158 -6.97584
122 92 -19.6537 -7.53696
122 97 -18.2339 -7.94479
122 102 -16.9014 -8.22782
122 107 -15.656 -8.40989
122 112 -14.495 -8.51081
122 117 -13.4146 -8.54698
122 122 -12.4103 -8.53194
122 127 -11.4771 -8.47683
122 132 -10.6098 -8.39085
122 137 -9.80353 -8.28155
122 142 -9.05332 -8.15516
122 147 -8.35454 -8.01678
122 152 -7.70281 -7.87065
122 157 -7.09402 -7.72021
122 162 -6.52434 -7.56834
122 167 -5.9902 -7.41738
122 172 -5.48831 -7.26926
122 177 -5.01561 -7.12558
122 182 -4.56926 -6.98765
122 187 -4.14663 -6.85652
122 192 -3.74527 -6.73308
122 197 -3.36293 -6.61805
122 202 -2.99747 -6.51201
122 207 -2.64692 -6.41543
122 212 -2.3094 -6.3287
122 217 -1.98318 -6.25211
122 222 -1.66657 -6.18593
122 227 -1.35799 -6.13033
122 232 -1.05593 -6.08546
122 237 -0.758894 -6.05145
122 242 -0.465471 -6.02836
122 247 -0.174256 -6.01626

127 2 -1.15466 34.2993
127 7 -6.84555 33.5812
127 12 -12.1935 31.8964
127 17 -16.9536 29.3838
127 22 -20.9463 26.2403
127 27 -24.0722 22.6919
127 32 -26.3124 18.9642
127 37 -27.717 15.2559
127 42 -28.3844 11.7229
127 47 -28.4387 8.47229
127 52 -28.0104 5.5653
127 57 -27.2223 3.0258
127 62 -26.1813 0.85036
127 67 -24.9755 -0.982226
127 72 -23.6744 -2.50318
127 77 -22.3306 -3.74806
127 82 -20.9826 -4.75302
127 87 -19.6575 -5.55246
127 92 -18.3738 -6.17782
127 97 -17.1433 -6.65709
127 102 -15.9728 -7.01465
127 107 -14.8656 -7.27152
127 112 -13.8227 -7.44561
127 117 -12.8432 -7.55208
127 122 -11.9248 -7.60372
127 127 -11.065 -7.61128
127 132 -10.2604 -7.58376
127 137 -9.50768 -7.52869
127 142 -8.80319 -7.45239
127 147 -8.14347 -7.36012
127 152 -7.52508 -7.25629
127 157 -6.94475 -7.14457
127 162 -6.39933 -7.02805
127 167 -5.88587 -6.90928
127 172 -5.40155 -6.79041
127 177 -4.94377 -6.67324
127 182 -4.51004 -6.55925
127 187 -4.09807 -6.44968
127 192 -3.70568 -6.34559
127 197 -3.33086 -6.24781
127 202 -2.97167 -6.15708
127 207 -2.62633 -6.07397
127 212 -2.29314 -5.99897
127 217 -1.97048 -5.93249
127 222 -1.6568 -5.87483
127 227 -1.35065 -5.82627
127 232 -1.0506 -5.78699
127 237 -0.755273 -5.75716
127 242 -0.463335 -5.7369
127 247 -0.173472 -5.72626

132 2 -0.933705 29.1105
132 7 -5.54314 28.5662
132 12 -9.90604 27.2847
132 17 -13.8439 25.361
132 22 -17.2212 22.931
132 27 -19.9554 20.153
132 32 -22.0188 17.1886
132 37 -23.4322 14.1859
132 42 -24.253 11.2672
132 47 -24.5619 8.52354
132 52 -24.4491 6.01461
132 57 -24.0048 3.77233
132 62 -23.3115 1.8067
132 67 -22.4411 0.111855
132 72 -21.4528 -1.3284
132 77 -20.3942 -2.53622
132 82 -19.3018 -3.53641
132 87 -18.2032 -4.35422
132 92 -17.1184 -5.01391
132 97 -16.0614 -5.53795
132 102 -15.0417 -5.94661
132 107 -14.0652 -6.25788
132 112 -13.1352 -6.48749
132 117 -12.2531 -6.64906
132 122 -11.4188 -6.75432
132 127 -10.6315 -6.81333
132 132 -9.88935 -6.83465
132 137 -9.19038 -6.82558
132 142 -8.53222 -6.79229
132 147 -7.9124 -6.74005
132 152 -7.32836 -6.6733
132 157 -6.77758 -6.5958
132 162 -6.25758 -6.51075
132 167 -5.76595 -6.42084
132 172 -5.30037 -6.32835
132 177 -4.85864 -6.2352
132 182 -4.43866 -6.14301
132 187 -4.03843 -6.05317
132 192 -3.65606 -5.96683
132 197 -3.28976 -5.88495
132 202 -2.93782 -5.80835
132 207 -2.59864 -5.73772
132 212 -2.27067 -5.67363
132 217 -1.95245 -5.61653
132 222 -1.64257 -5.56683
132 227 -1.33967 -5.52483
132 232 -1.04244 -5.49078
132 237 -0.74962 -5.46486
132 242 -0.459954 -5.44723
132 247 -0.172222 -5.43797

137 2 -0.764377 24.8886
137 7 -4.54319 24.47
137 12 -8.14191 23.4812
137 17 -11.4283 21.9884
137 22 -14.299 20.0868
137 27 -16.6862 17.8891
137 32 -18.56 15.5125
137 37 -19.9251 13.0681
137 42 -20.8137 10.6515
137 47 -21.2777 8.33811
137 52 -21.3791 6.18203
137 57 -21.1833 4.2171
137 62 -20.7534 2.46009
137 67 -20.1463 0.914473
137 72 -19.4115 -0.425845
137 77 -18.5902 -1.57327
137 82 -17.7157 -2.54387
137 87 -16.8142 -3.35543
137 92 -15.9058 -4.02606
137 97 -15.0053 -4.57329
137 102 -14.1237 -5.01353
137 107 -13.2684 -5.36176
137 112 -12.4446 -5.63147
137 117 -11.6551 -5.83461
137 122 -10.9016 -5.98168
137 127 -10.1846 -6.08185
137 132 -9.50358 -6.14307
137 137 -8.85774 -6.17221
137 142 -8.24572 -6.17521
137 147 -7.66594 -6.15716
137 152 -7.11665 -6.12244
137 157 -6.59599 -6.07478
137 162 -6.10208 -6.0174
137 167 -5.63304 -5.95304
137 172 -5.18702 -5.88406
137 177 -4.76219 -5.81245
137 182 -4.35681 -5.73993
137 187 -3.96918 -5.66795
137 192 -3.59767 -5.59774
137 197 -3.24073 -5.53037
137 202 -2.89687 -5.46672
137 207 -2.56464 -5.40755
137 212 -2.24269 -5.35349
137 217 -1.92967 -5.30507
137 222 -1.62433 -5.26271
137 227 -1.32542 -5.22679
137 232 -1.03174 -5.19758
137 237 -0.742137 -5.1753
137 242 -0.45545 -5.16011
137 247 -0.170552 -5.15213

142 2 -0.632775 21.4129
142 7 -3.76477 21.0866
142 12 -6.76314 20.3137
142 17 -9.52858 19.141
142 22 -11.9813 17.6363
142 27 -14.066 15.8807
142 32 -15.7538 13.9607
142 37 -17.0408 11.9599
142 42 -17.9439 9.95296
142 47 -18.4957 8.00164
142 52 -18.7387 6.15302
142 57 -18.7199 4.43961
142 62 -18.4869 2.88093
142 67 -18.0843 1.48571
142 72 -17.5525 0.254339
142 77 -16.9264 -0.818764
142 82 -16.2353 -1.74316
142 87 -15.5031 -2.53078
142 92 -14.749 -3.19466
142 97 -13.9877 -3.74808
142 102 -13.2307 -4.20401
142 107 -12.4865 -4.57465
142 112 -11.7609 -4.8713
142 117 -11.0583 -5.10422
142 122 -10.3813 -5.28261
142 127 -9.73149 -5.41467
142 132 -9.1095 -5.50763
142 137 -8.51535 -5.56783
142 142 -7.94859 -5.60082
142 147 -7.4084 -5.61146
142 152 -6.8937 -5.60394
142 157 -6.40326 -5.5819
142 162 -5.93572 -5.54852
142 167 -5.48968 -5.50651
142 172 -5.06371 -5.45824
142 177 -4.65634 -5.40573
142 182 -4.26617 -5.35073
142 187 -3.89177 -5.29475
142 192 -3.53178 -5.23908
142 197 -3.18487 -5.18483
142 202 -2.84974 -5.13293
142 207 -2.52514 -5.08419
142 212 -2.20986 -5.03928
142 217 -1.90271 -4.99879
142 222 -1.60255 -4.96317
142 227 -1.30827 -4.93283
142 232 -1.01879 -4.90807
142 237 -0.733028 -4.88913
142 242 -0.449947 -4.87621
142 247 -0.168508 -4.8694

147 2 -0.529178 18.5209
147 7 -3.15111 18.2634
147 12 -5.67245 17.6522
147 17 -8.0176 16.7207
147 22 -10.1244 15.5178
147 27 -11.9478 14.1031
147 32 -13.4614 12.5406
147 37 -14.657 10.894
147 42 -15.5421 9.22158
147 47 -16.1368 7.57359
147 52 -16.4699 5.99006
147 57 -16.5749 4.50066
147 62 -16.4873 3.12526
147 67 -16.2419 1.8752
147 72 -15.8711 0.754824
147 77 -15.4039 -0.236876
147 82 -14.8656 -1.10477
147 87 -14.2772 -1.85631
147 92 -13.6566 -2.50051
147 97 -13.0177 -3.04714
147 102 -12.372 -3.50617
147 107 -11.7281 -3.88733
147 112 -11.0926 -4.19991
147 117 -10.4703 -4.45253
147 122 -9.86486 -4.65313
147 127 -9.27851 -4.80888
147 132 -8.71271 -4.92624
147 137 -8.16823 -5.01098
147 142 -7.64529 -5.06819
147 147 -7.14372 -5.1024
147 152 -6.66302 -5.11757
147 157 -6.20248 -5.11718
147 162 -5.76122 -5.10428
147 167 -5.33826 -5.08154
147 172 -4.93254 -5.05126
147 177 -4.54295 -5.01548
147 182 -4.16836 -4.97593
147 187 -3.80763 -4.93414
147 192 -3.45964 -4.89142
147 197 -3.12326 -4.8489
147 202 -2.79738 -4.80756
147 207 -2.48094 -4.76822
147 212 -2.17287 -4.7316
147 217 -1.87213 -4.6983
147 222 -1.57771 -4.66881
147 227 -1.28861 -4.64354
147 232 -1.00386 -4.62284
147 237 -0.722498 -4.60696
147 242 -0.44357 -4.5961
147 247 -0.166137 -4.59037

152 2 -0.446675 16.091
152 7 -2.66181 15.8857
152 12 -4.80016 15.3971
152 17 -6.80349 14.6497
152 22 -8.62294 13.6794
152 27 -10.2217 12.53
152 32 -11.5764 11.2499
152 37 -12.677 9.88762
152 42 -13.5254 8.48909
152 47 -14.1334 7.09479
152 52 -14.5202 5.73842
152 57 -14.7097 4.4462
152 62 -14.7283 3.23708
152 67 -14.6025 2.1233
152 72 -14.3583 1.11143
152 77 -14.0194 0.2034
152 82 -13.6071 -0.60238
152 87 -13.1399 -1.31007
152 92 -12.6337 -1.92555
152 97 -12.1015 -2.45576
152 102 -11.554 -2.90816
152 107 -10.9999 -3.29036
152 112 -10.4459 -3.60982
152 117 -9.89726 -3.87369
152 122 -9.35798 -4.08868
152 127 -8.83091 -4.26099
152 132 -8.31806 -4.39629
152 137 -7.82076 -4.49972
152 142 -7.33979 -4.57592
152 147 -6.87546 -4.62901
152 152 -6.42779 -4.6627
152 157 -5.99649 -4.68024
152 162 -5.58111 -4.68454
152 167 -5.18103 -4.67814
152 172 -4.79551 -4.66329
152 177 -4.42377 -4.64195
152 182 -4.06493 -4.61584
152 187 -3.71812 -4.58648
152 192 -3.38243 -4.55517
152 197 -3.05692 -4.52304
152 202 -2.74069 -4.49108
152 207 -2.43281 -4.46014
152 212 -2.13238 -4.43094
152 217 -1.83849 -4.40409
152 222 -1.55026 -4.38012
152 227 -1.2668 -4.35944
152 232 -0.98725 -4.34241
152 237 -0.710748 -4.32929
152 242 -0.436441 -4.32029
152 247 -0.163483 -4.31554

157 2 -0.380283 14.0311
157 7 -2.26762 13.8657
157 12 -4.09561 13.4715
157 17 -5.81885 12.8665
157 22 -7.39857 12.0772
157 27 -8.80468 11.1366
157 32 -10.0168 10.0812
157 37 -11.0244 8.94871
157 42 -11.8261 7.77505
157 47 -12.4284 6.593
157 52 -12.8437 5.43062
157 57 -13.089 4.3107
157 62 -13.1836 3.25056
157 67 -13.148 2.26238
157 72 -13.0025 1.35376
157 77 -12.7663 0.528422
157 82 -12.4574 -0.213034
157 87 -12.0915 -0.872394
157 92 -11.6826 -1.45318
157 97 -11.2424 -1.96009
157 102 -10.781 -2.39856
157 107 -10.3065 -2.77438
157 112 -9.82576 -3.09346
157 117 -9.34396 -3.3616
157 122 -8.86534 -3.58441
157 127 -8.3931 -3.76716
157 132 -7.92967 -3.91476
157 137 -7.47675 -4.03174
157 142 -7.03555 -4.12223
157 147 -6.60679 -4.18998
157 152 -6.19087 -4.23837
157 157 -5.78788 -4.27042
157 162 -5.39771 -4.28886
157 167 -5.02005 -4.29607
157 172 -4.65447 -4.29421
157 177 -4.30044 -4.28516
157 182 -3.95735 -4.27059
157 187 -3.62454 -4.25197
157 192 -3.30129 -4.23057
157 197 -2.98687 -4.20754
157 202 -2.68053 -4.18383
157 207 -2.38151 -4.1603
157 212 -2.08903 -4.13767
157 217 -1.80234 -4.11657
157 222 -1.52065 -4.09751
157 227 -1.2432 -4.08093
157 232 -0.969229 -4.06719
157 237 -0.697976 -4.05655
157 242 -0.428682 -4.04923
157 247 -0.160593 -4.04535

162 2 -0.326351 12.2704
162 7 -1.94711 12.136
162 12 -3.52145 11.8152
162 17 -5.01359 11.3215
162 22 -6.3925 10.6748
162 27 -7.63346 9.89992
162 32 -8.71888 9.02501
162 37 -9.63855 8.07917
162 42 -10.3893 7.09092
162 47 -10.9739 6.08671
162 52 -11.4005 5.08983
162 57 -11.6808 4.11978
162 62 -11.8288 3.19205
162 67 -11.8603 2.31817
162 72 -11.7911 1.50603
162 77 -11.6367 0.760306
162 82 -11.4119 0.0830173
162 87 -11.1301 -0.525975
162 92 -10.8034 -1.06845
162 97 -10.4422 -1.5474
162 102 -10.0556 -1.96661
162 107 -9.65132 -2.33042
162 112 -9.23572 -2.64338
162 117 -8.81406 -2.91016
162 122 -8.39058 -3.13534
162 127 -7.96865 -3.32336
162 132 -7.55093 -3.47841
162 137 -7.1394 -3.60444
162 142 -6.73557 -3.70509
162 147 -6.34047 -3.78372
162 152 -5.9548 -3.84337
162 157 -5.57896 -3.88682
162 162 -5.21311 -3.91658
162 167 -4.85722 -3.93488
162 172 -4.51112 -3.94374
162 177 -4.1745 -3.94496
162 182 -3.84698 -3.94012
162 187 -3.52808 -3.93064
162 192 -3.21729 -3.91775
162 197 -2.91404 -3.90256
162 202 -2.61773 -3.88602
162 207 -2.32775 -3.86895
162 212 -2.04345 -3.85209
162 217 -1.76419 -3.83603
162 222 -1.48931 -3.82131
162 227 -1.21816 -3.80836
162 232 -0.950068 -3.79753
162 237 -0.684373 -3.78909
162 242 -0.420408 -3.78325
162 247 -0.157509 -3.78016

167 2 -0.282172 10.7536
167 7 -1.68435 10.6437
167 12 -3.0498 10.3807
167 17 -4.35005 9.975
167 22 -5.56005 9.4416
167 27 -6.65941 8.79961
167 32 -7.63302 8.07063
167 37 -8.47133 7.27748
167 42 -9.17018 6.44281
167 47 -9.73028 5.588
167 52 -10.1564 4.73232
167 57 -10.4567 3.89235
167 62 -10.6413 3.0817
167 67 -10.722 2.31096
167 72 -10.7113 1.58782
167 77 -10.6216 0.917405
167 82 -10.4649 0.302548
167 87 -10.2525 -0.255782
167 92 -9.99477 -0.75812
167 97 -9.70088 -1.20616
167 102 -9.37897 -1.60242
167 107 -9.03605 -1.95003
167 112 -8.67812 -2.25246
167 117 -8.3102 -2.51337
167 122 -7.93647 -2.73648
167 127 -7.56036 -2.92546
167 132 -7.1846 -3.08387
167 137 -6.81137 -3.21508
167 142 -6.44237 -3.32229
167 147 -6.07886 -3.40845
167 152 -5.72178 -3.47629
167 157 -5.37175 -3.52833
167 162 -5.02917 -3.56686
167 167 -4.69424 -3.59393
167 172 -4.367 -3.61143
167 177 -4.04734 -3.62104
167 182 -3.73507 -3.62425
167 187 -3.42988 -3.6224
167 192 -3.13144 -3.61669
167 197 -2.83932 -3.60817
167 202 -2.55307 -3.59775
167 207 -2.2722 -3.58625
167 212 -1.9962 -3.57437
167 217 -1.72453 -3.5627
167 222 -1.45666 -3.55176
167 227 -1.19201 -3.54197
167 232 -0.93002 -3.53369
167 237 -0.670121 -3.52718
167 242 -0.411732 -3.52266
167 247 -0.154273 -3.52025

172 2 -0.245711 9.43757
172 7 -1.46733 9.34695
172 12 -2.6596 9.13006
172 17 -3.7996 8.79462
172 22 -4.86698 8.35224
172 27 -5.84481 7.81763
172 32 -6.72013 7.20763
172 37 -7.48424 6.54016
172 42 -8.13258 5.83331
172 47 -8.66446 5.10442
172 52 -9.0825 4.3694
172 57 -9.39209 3.64226
172 62 -9.60064 2.93484
172 67 -9.71695 2.25663
172 72 -9.75066 1.61491
172 77 -9.71166 1.01483
172 82 -9.60978 0.459667
172 87 -9.4544 -0.0489116
172 92 -9.25429 -0.51058
172 97 -9.01747 -0.92608
172 102 -8.75112 -1.29697
172 107 -8.46157 -1.62541
172 112 -8.15433 -1.91399
172 117 -7.83416 -2.16552
172 122 -7.50504 -2.383
172 127 -7.17035 -2.56941
172 132 -6.83285 -2.72773
172 137 -6.49481 -2.86083
172 142 -6.15805 -2.97148
172 147 -5.82397 -3.06225
172 152 -5.4937 -3.13558
172 157 -5.16803 -3.19371
172 162 -4.84755 -3.2387
172 167 -4.53263 -3.27245
172 172 -4.2235 -3.29668
172 177 -3.92022 -3.31295
172 182 -3.62275 -3.32265
172 187 -3.33097 -3.32705
172 192 -3.04465 -3.32727
172 197 -2.76352 -3.32431
172 202 -2.48726 -3.31905
172 207 -2.2155 -3.31226
172 212 -1.94783 -3.30461
172 217 -1.68384 -3.2967
172 222 -1.42307 -3.28901
172 227 -1.16506 -3.28195
172 232 -0.909328 -3.27587
172 237 -0.655392 -3.27104
172 242 -0.402758 -3.26765
172 247 -0.150925 -3.26584

177 2 -0.21542 8.28768
177 7 -1.28693 8.2126
177 12 -2.33473 8.03272
177 17 -3.34024 7.75397
177 22 -4.28675 7.38535
177 27 -5.16015 6.9383
177 32 -5.94933 6.426
177 37 -6.64644 5.86267
177 42 -7.24686 5.26279
177 47 -7.74905 4.64043
177 52 -8.15417 4.00876
177 57 -8.4657 3.37956
177 62 -8.68888 2.76301
177 67 -8.83028 2.16756
177 72 -8.89732 1.59987
177 77 -8.89785 1.06493
177 82 -8.83982 0.566155
177 87 -8.73101 0.105622
177 92 -8.57882 -0.315774
177 97 -8.39015 -0.698096
177 102 -8.17129 -1.04218
177 107 -7.92791 -1.34944
177 112 -7.66501 -1.62175
177 117 -7.38699 -1.86124
177 122 -7.09764 -2.07025
177 127 -6.80018 -2.25123
177 132 -6.49735 -2.40662
177 137 -6.19143 -2.53885
177 142 -5.88429 -2.65028
177 147 -5.57746 -2.74315
177 152 -5.27215 -2.81959
177 157 -4.96931 -2.88159
177 162 -4.66965 -2.931
177 167 -4.37371 -2.96954
177 172 -4.08184 -2.99877
177 177 -3.79426 -3.02013
177 182 -3.51107 -3.0349
177 187 -3.23226 -3.04426
177 192 -2.95776 -3.04926
177 197 -2.6874 -3.05083
177 202 -2.42097 -3.04981
177 207 -2.15822 -3.04694
177 212 -1.89886 -3.04284
177 217 -1.64254 -3.03809
177 222 -1.38891 -3.03314
177 227 -1.1376 -3.02841
177 232 -0.888217 -3.02421
177 237 -0.640349 -3.02081
177 242 -0.393585 -3.01839
177 247 -0.147502 -3.01709

182 2 -0.190111 7.27623
182 7 -1.13611 7.21375
182 12 -2.06279 7.06391
182 17 -2.95491 6.83134
182 22 -3.79866 6.52303
182 27 -4.58221 6.14795
182 32 -5.29602 5.71652
182 37 -5.93306 5.24004
182 42 -6.48884 4.73016
182 47 -6.96134 4.19835
182 52 -7.35074 3.65546
182 57 -7.65912 3.1114
182 62 -7.89015 2.5749
182 67 -8.04867 2.05333
182 72 -8.14038 1.55272
182 77 -8.17145 1.07774
182 82 -8.1483 0.631782
182 87 -8.07735 0.217103
182 92 -7.96481 -0.165046
182 97 -7.81658 -0.514267
182 102 -7.63814 -0.830861
182 107 -7.4345 -1.11569
182 112 -7.21019 -1.37003
182 117 -6.9692 -1.59549
182 122 -6.71509 -1.79388
182 127 -6.45091 -1.96714
182 132 -6.1793 -2.11729
182 137 -5.90252 -2.24635
182 142 -5.62245 -2.35631
182 147 -5.34066 -2.44912
182 152 -5.05845 -2.52661
182 157 -4.77686 -2.59055
182 162 -4.4967 -2.64258
182 167 -4.21863 -2.68423
182 172 -3.9431 -2.71691
182 177 -3.67046 -2.74194
182 182 -3.40092 -2.76048
182 187 -3.1346 -2.77363
182 192 -2.87151 -2.78235
182 197 -2.61162 -2.78752
182 202 -2.3548 -2.7899
182 207 -2.10091 -2.7902
182 212 -1.84973 -2.78901
182 217 -1.60102 -2.78686
182 222 -1.35451 -2.78419
182 227 -1.10991 -2.78139
182 232 -0.866894 -2.77876
182 237 -0.62514 -2.77656
182 242 -0.384304 -2.77496
182 247 -0.144037 -2.77409

187 2 -0.168862 6.38074
187 7 -1.00942 6.32857
187 12 -1.83408 6.20337
187 17 -2.63024 6.00873
187 22 -3.38641 5.75018
187 27 -4.09257 5.43476
187 32 -4.74052 5.07076
187 37 -5.32399 4.66721
187 42 -5.83874 4.23351
187 47 -6.28248 3.77902
187 52 -6.65473 3.3127
187 57 -6.95662 2.84286
187 62 -7.19062 2.37692
187 67 -7.36026 1.92131
187 72 -7.46987 1.48137
187 77 -7.52431 1.06139
187 82 -7.52874 0.664616
187 87 -7.48841 0.293338
187 92 -7.40853 -0.0509981
187 97 -7.29412 -0.367694
187 102 -7.14992 -0.656677
187 107 -6.98034 -0.918384
187 112 -6.78942 -1.15366
187 117 -6.58081 -1.36367
187 122 -6.35777 -1.54979
187 127 -6.12317 -1.71355
187 132 -5.87953 -1.8566
187 137 -5.62903 -1.9806
187 142 -5.37354 -2.08723
187 147 -5.11465 -2.17814
187 152 -4.85368 -2.25493
187 157 -4.59174 -2.31913
187 162 -4.32972 -2.37219
187 167 -4.06835 -2.41547
187 172 -3.80819 -2.45024
187 177 -3.54968 -2.47766
187 182 -3.29311 -2.49882
187 187 -3.03871 -2.51469
187 192 -2.78659 -2.52617
187 197 -2.53679 -2.53406
187 202 -2.2893 -2.53908
187 207 -2.04403 -2.54187
187 212 -1.80086 -2.54299
187 217 -1.55964 -2.54293
187 222 -1.32017 -2.54211
187 227 -1.08222 -2.54088
187 232 -0.84555 -2.53955
187 237 -0.609902 -2.53833
187 242 -0.375001 -2.5374
187 247 -0.140562 -2.53688

192 2 -0.15095 5.58282
192 7 -0.902587 5.53917
192 12 -1.64101 5.43434
192 17 -2.35572 5.27118
192 22 -3.03706 5.05401
192 27 -3.67651 4.78846
192 32 -4.26698 4.48112
192 37 -4.80289 4.13924
192 42 -5.28029 3.77042
192 47 -5.69677 3.38231
192 52 -6.05145 2.98232
192 57 -6.34475 2.57739
192 62 -6.57827 2.17381
192 67 -6.75455 1.77713
192 72 -6.87684 1.39205
192 77 -6.94895 1.02242
192 82 -6.975 0.671283
192 87 -6.95931 0.340858
192 92 -6.9062 0.0326644
192 97 -6.81994 -0.25242
192 102 -6.70462 -0.51407
192 107 -6.56409 -0.752419
192 112 -6.40196 -0.967982
192 117 -6.2215 -1.16157
192 122 -6.02572 -1.33421
192 127 -5.81727 -1.48711
192 132 -5.59854 -1.62159
192 137 -5.37162 -1.739
192 142 -5.13832 -1.84075
192 147 -4.90022 -1.92824
192 152 -4.65866 -2.00283
192 157 -4.41478 -2.06586
192 162 -4.16953 -2.11858
192 167 -3.92369 -2.16219
192 172 -3.67789 -2.19783
192 177 -3.43264 -2.22653
192 182 -3.18833 -2.24925
192 187 -2.94524 -2.2669
192 192 -2.70357 -2.28028
192 197 -2.46345 -2.29012
192 202 -2.22493 -2.29707
192 207 -1.98801 -2.30173
192 212 -1.75264 -2.30462
192 217 -1.51873 -2.30618
192 222 -1.28615 -2.3068
192 227 -1.05476 -2.30683
192 232 -0.824357 -2.30651
192 237 -0.594758 -2.30608
192 242 -0.365749 -2.3057
192 247 -0.137106 -2.30547

197 2 -0.135805 4.86727
197 7 -0.812223 4.83073
197 12 -1.47756 4.74292
197 17 -2.12298 4.60608
197 22 -2.74029 4.42367
197 27 -3.32222 4.20015
197 32 -3.86259 3.94079
197 37 -4.35644 3.65143
197 42 -4.80011 3.33824
197 47 -5.19118 3.00747
197 52 -5.52851 2.66522
197 57 -5.81204 2.31729
197 62 -6.04272 1.96899
197 67 -6.22231 1.62507
197 72 -6.35327 1.28962
197 77 -6.43853 0.966089
197 82 -6.4814 0.657214
197 87 -6.48539 0.365108
197 92 -6.45412 0.091276
197 97 -6.39118 -0.163318
197 102 -6.3001 -0.39819
197 107 -6.18424 -0.613264
197 112 -6.04678 -0.808806
197 117 -5.89069 -0.985359
197 122 -5.71869 -1.14368
197 127 -5.53324 -1.2847
197 132 -5.33657 -1.40946
197 137 -5.13067 -1.51907
197 142 -4.91729 -1.61468
197 147 -4.69797 -1.69748
197 152 -4.47405 -1.76863
197 157 -4.24667 -1.82926
197 162 -4.01682 -1.88046
197 167 -3.78531 -1.9233
197 172 -3.55284 -1.95874
197 177 -3.31997 -1.98773
197 182 -3.08715 -2.01111
197 187 -2.85472 -2.02969
197 192 -2.62296 -2.04419
197 197 -2.39205 -2.05528
197 202 -2.16212 -2.06354
197 207 -1.93322 -2.06951
197 212 -1.70538 -2.07367
197 217 -1.47857 -2.07643
197 222 -1.25271 -2.07814
197 227 -1.02772 -2.0791
197 232 -0.803468 -2.07958
197 237 -0.579819 -2.07976
197 242 -0.356617 -2.0798
197 247 -0.133694 -2.07979

202 2 -0.122975 4.22145
202 7 -0.735644 4.19089
202 12 -1.33893 4.11743
202 17 -1.92532 4.00283
202 22 -2.48783 3.84986
202 27 -3.02017 3.66206
202 32 -3.51695 3.44367
202 37 -3.97373 3.1994
202 42 -4.38714 2.93424
202 47 -4.75484 2.6533
202 52 -5.07549 2.3616
202 57 -5.34872 2.06397
202 62 -5.57499 1.76487
202 67 -5.7555 1.46833
202 72 -5.89204 1.1779
202 77 -5.98691 0.896585
202 82 -6.04271 0.626843
202 87 -6.06232 0.370617
202 92 -6.04874 0.129346
202 97 -6.00501 -0.0959904
202 102 -5.93416 -0.304819
202 107 -5.83913 -0.496928
202 112 -5.72273 -0.672405
202 117 -5.58761 -0.831594
202 122 -5.43624 -0.975038
202 127 -5.27089 -1.10344
202 132 -5.09365 -1.21762
202 137 -4.90638 -1.31847
202 142 -4.71077 -1.40694
202 147 -4.5083 -1.48402
202 152 -4.30029 -1.55067
202 157 -4.08789 -1.60788
202 162 -3.87209 -1.65658
202 167 -3.65375 -1.69767
202 172 -3.43357 -1.73202
202 177 -3.21218 -1.76043
202 182 -2.99006 -1.78367
202 187 -2.76762 -1.80244
202 192 -2.54519 -1.81739
202 197 -2.32299 -1.8291
202 202 -2.10122 -1.83811
202 207 -1.88 -1.8449
202 212 -1.65938 -1.84989
202 217 -1.4394 -1.85346
202 222 -1.22005 -1.85593
202 227 -1.00128 -1.85757
202 232 -0.783017 -1.85862
202 237 -0.565182 -1.85924
202 242 -0.347664 -1.85959
202 247 -0.130347 -1.85975

207 2 -0.112097 3.63472
207 7 -0.670698 3.60926
207 12 -1.22127 3.54801
207 17 -1.75738 3.45238
207 22 -2.27298 3.32457
207 27 -2.76263 3.16742
207 32 -3.22156 2.98433
207 37 -3.64581 2.77907
207 42 -4.03226 2.5557
207 47 -4.37866 2.31837
207 52 -4.6836 2.07122
207 57 -4.94647 1.81823
207 62 -5.16738 1.56313
207 67 -5.34709 1.30932
207 72 -5.48691 1.05983
207 77 -5.58858 0.817261
207 82 -5.65418 0.583786
207 87 -5.68606 0.361147
207 92 -5.68671 0.150678
207 97 -5.6587 -0.0466713
207 102 -5.60464 -0.230297
207 107 -5.52708 -0.399904
207 112 -5.42853 -0.555462
207 117 -5.31134 -0.697167
207 122 -5.17776 -0.825395
207 127 -5.02988 -0.940672
207 132 -4.86962 -1.04363
207 137 -4.69876 -1.135
207 142 -4.51889 -1.21554
207 147 -4.33144 -1.28606
207 152 -4.1377 -1.34738
207 157 -3.93881 -1.40032
207 162 -3.73575 -1.44567
207 167 -3.5294 -1.48421
207 172 -3.32049 -1.51669
207 177 -3.10966 -1.5438
207 182 -2.89746 -1.5662
207 187 -2.68432 -1.58452
207 192 -2.4706 -1.59932
207 197 -2.25661 -1.61111
207 202 -2.04255 -1.62038
207 207 -1.8286 -1.62754
207 212 -1.61487 -1.63297
207 217 -1.40144 -1.63702
207 222 -1.18834 -1.63996
207 227 -0.975575 -1.64204
207 232 -0.763119 -1.64346
207 237 -0.550929 -1.64439
207 242 -0.338942 -1.64495
207 247 -0.127086 -1.64522

212 2 -0.102881 3.09809
212 7 -0.615658 3.077
212 12 -1.1215 3.02626
212 17 -1.61481 2.94698
212 22 -2.09034 2.8409
212 27 -2.54331 2.7103
212 32 -2.96949 2.55788
212 37 -3.36531 2.38668
212 42 -3.7279 2.19998
212 47 -4.0551 2.00113
212 52 -4.34547 1.7935
212 57 -4.59824 1.58038
212 62 -4.81327 1.36486
212 67 -4.99101 1.14977
212 72 -5.13236 0.937666
212 77 -5.23866 0.730777
212 82 -5.31155 0.530982
212 87 -5.35295 0.339817
212 92 -5.36492 0.158481
212 97 -5.34967 -0.0121381
212 102 -5.30942 -0.171448
212 107 -5.24642 -0.319113
212 112 -5.16287 -0.455029
212 117 -5.0609 -0.579287
212 122 -4.94254 -0.692139
212 127 -4.80972 -0.793971
212 132 -4.66421 -0.885272
212 137 -4.50769 -0.966609
212 142 -4.34166 -1.03861
212 147 -4.1675 -1.10192
212 152 -3.98646 -1.15722
212 157 -3.79965 -1.2052
212 162 -3.60806 -1.24652
212 167 -3.41255 -1.28184
212 172 -3.2139 -1.31179
212 177 -3.01274 -1.33698
212 182 -2.80965 -1.35796
212 187 -2.60511 -1.37527
212 192 -2.3995 -1.38941
212 197 -2.19315 -1.40082
212 202 -1.98634 -1.40991
212 207 -1.77925 -1.41707
212 212 -1.57206 -1.42261
212 217 -1.36486 -1.42683
212 222 -1.15774 -1.42998
212 227 -0.95074 -1.43229
212 232 -0.743872 -1.43392
212 237 -0.537131 -1.43503
212 242 -0.330494 -1.43572
212 247 -0.123926 -1.43606

217 2 -0.0950921 2.60386
217 7 -0.569128 2.58658
217 12 -1.0371 2.54497
217 17 -1.4941 2.47993
217 22 -1.93551 2.39282
217 27 -2.35708 2.28545
217 32 -2.75505 2.15997
217 37 -3.12616 2.0188
217 42 -3.46777 1.86455
217 47 -3.77782 1.69993
217 52 -4.05487 1.52767
217 57 -4.29804 1.35042
217 62 -4.50703 1.17073
217 67 -4.68201 0.990927
217 72 -4.82361 0.813144
217 77 -4.93283 0.639244
217 82 -5.01099 0.470828
217 87 -5.05964 0.309217
217 92 -5.08051 0.155466
217 97 -5.07548 0.0103698
217 102 -5.04648 -0.125515
217 107 -4.99548 -0.251849
217 112 -4.92444 -0.368487
217 117 -4.83526 -0.475449
217 122 -4.72981 -0.572898
217 127 -4.60985 -0.66111
217 132 -4.47703 -0.740459
217 137 -4.33292 -0.811385
217 142 -4.17896 -0.874384
217 147 -4.01645 -0.929985
217 152 -3.84662 -0.97874
217 157 -3.67053 -1.02121
217 162 -3.48918 -1.05794
217 167 -3.30341 -1.08949
217 172 -3.11401 -1.11638
217 177 -2.92164 -1.13912
217 182 -2.72687 -1.15819
217 187 -2.53021 -1.17404
217 192 -2.33209 -1.18708
217 197 -2.13284 -1.19771
217 202 -1.93278 -1.20627
217 207 -1.73214 -1.21309
217 212 -1.5311 -1.21844
217 217 -1.32981 -1.22258
217 222 -1.12837 -1.22574
217 227 -0.926873 -1.22809
217 232 -0.725355 -1.22978
217 237 -0.523846 -1.23096
217 242 -0.322355 -1.2317
217 247 -0.120881 -1.23207

222 2 -0.0885405 2.14539
222 7 -0.529981 2.13146
222 12 -0.966049 2.09789
222 17 -1.3924 2.0454
222 22 -1.8049 1.97504
222 27 -2.19977 1.88823
222 32 -2.57358 1.78666
222 37 -2.92338 1.67223
222 42 -3.2467 1.54701
222 47 -3.54158 1.41314
222 52 -3.8066 1.27279
222 57 -4.04082 1.1281
222 62 -4.24381 0.98109
222 67 -4.41557 0.833673
222 72 -4.55649 0.687575
222 77 -4.66733 0.544333
222 82 -4.74912 0.405272
222 87 -4.80315 0.271504
222 92 -4.83088 0.143924
222 97 -4.83391 0.0232238
222 102 -4.81394 -0.0901008
222 107 -4.7727 -0.19573
222 112 -4.71193 -0.293504
222 117 -4.63339 -0.383401
222 122 -4.53875 -0.465518
222 127 -4.42964 -0.540052
222 132 -4.30762 -0.607279
222 137 -4.17414 -0.66754
222 142 -4.03058 -0.72122
222 147 -3.87819 -0.768739
222 152 -3.71814 -0.810539
222 157 -3.55148 -0.847068
222 162 -3.37917 -0.87878
222 167 -3.20208 -0.906119
222 172 -3.02096 -0.92952
222 177 -2.83649 -0.949399
222 182 -2.64926 -0.966152
222 187 -2.45979 -0.980153
222 192 -2.26853 -0.99175
222 197 -2.07583 -1.00126
222 202 -1.88203 -1.00899
222 207 -1.68739 -1.01519
222 212 -1.49212 -1.02012
222 217 -1.29638 -1.02397
222 222 -1.10033 -1.02694
222 227 -0.904051 -1.02917
222 232 -0.707629 -1.03081
222 237 -0.511118 -1.03196
222 242 -0.314553 -1.03269
222 247 -0.117961 -1.03305

227 2 -0.0830733 1.7169
227 7 -0.497308 1.70595
227 12 -0.906718 1.67955
227 17 -1.3074 1.63826
227 22 -1.69563 1.58288
227 27 -2.06796 1.5145
227 32 -2.42127 1.43441
227 37 -2.75285 1.34408
227 42 -3.06038 1.2451
227 47 -3.34199 1.13914
227 52 -3.5963 1.02788
227 57 -3.82232 0.912987
227 62 -4.01954 0.796055
227 67 -4.18783 0.678584
227 72 -4.32741 0.561946
227 77 -4.43884 0.447365
227 82 -4.52295 0.335909
227 87 -4.58081 0.228477
227 92 -4.61367 0.125806
227 97 -4.62291 0.0284693
227 102 -4.61003 -0.0631105
227 107 -4.57657 -0.148652
227 112 -4.52411 -0.228
227 117 -4.45424 -0.301112
227 122 -4.36851 -0.368042
227 127 -4.26843 -0.428925
227 132 -4.15545 -0.483963
227 137 -4.03095 -0.533411
227 142 -3.89624 -0.577562
227 147 -3.75251 -0.616743
227 152 -3.6009 -0.651295
227 157 -3.44243 -0.681573
227 162 -3.27804 -0.707932
227 167 -3.10858 -0.730727
227 172 -2.9348 -0.750301
227 177 -2.75738 -0.766989
227 182 -2.57692 -0.781109
227 187 -2.39395 -0.79296
227 192 -2.20892 -0.802822
227 197 -2.02222 -0.810957
227 202 -1.83419 -0.817602
227 207 -1.6451 -0.822974
227 212 -1.4552 -0.827266
227 217 -1.26467 -0.830651
227 222 -1.07367 -0.833279
227 227 -0.88233 -0.835278
227 232 -0.69074 -0.836755
227 237 -0.49898 -0.837795
227 242 -0.307109 -0.838461
227 247 -0.115175 -0.838799

232 2 -0.0785675 1.31329
232 7 -0.470374 1.30502
232 12 -0.857786 1.28512
232 17 -1.23724 1.25396
232 22 -1.60532 1.21216
232 27 -1.95888 1.16051
232 32 -2.29502 1.09997
232 37 -2.61122 1.03163
232 42 -2.90529 0.956677
232 47 -3.17545 0.876343
232 52 -3.42034 0.791889
232 57 -3.63898 0.704563
232 62 -3.83078 0.615565
232 67 -3.99551 0.526029
232 72 -4.13328 0.436993
232 77 -4.24451 0.349394
232 82 -4.32988 0.264049
232 87 -4.39028 0.181654
232 92 -4.42678 0.102782
232 97 -4.44063 0.0278839
232 102 -4.43313 -0.0427013
232 107 -4.40571 -0.108743
232 112 -4.35978 -0.170107
232 117 -4.29682 -0.226744
232 122 -4.21826 -0.278682
232 127 -4.12552 -0.32601
232 132 -4.01997 -0.36887
232 137 -3.90292 -0.407446
232 142 -3.77559 -0.441956
232 147 -3.63917 -0.472638
232 152 -3.49472 -0.499751
232 157 -3.34326 -0.523559
232 162 -3.18569 -0.544332
232 167 -3.02286 -0.562338
232 172 -2.85551 -0.57784
232 177 -2.68431 -0.591092
232 182 -2.50987 -0.602338
232 187 -2.33272 -0.611808
232 192 -2.15331 -0.619718
232 197 -1.97206 -0.626267
232 202 -1.7893 -0.63164
232 207 -1.60533 -0.636005
232 212 -1.4204 -0.63951
232 217 -1.23472 -0.64229
232 222 -1.04845 -0.644461
232 227 -0.861747 -0.646122
232 232 -0.674716 -0.647356
232 237 -0.487453 -0.648229
232 242 -0.300035 -0.648791
232 247 -0.112526 -0.649077

237 2 -0.0749248 0.929996
237 7 -0.448595 0.924208
237 12 -0.818195 0.910261
237 17 -1.18042 0.888425
237 22 -1.53211 0.859119
237 27 -1.87031 0.822891
237 32 -2.19232 0.780404
237 37 -2.49576 0.732411
237 42 -2.77855 0.679731
237 47 -3.039 0.623224
237 52 -3.27575 0.563766
237 57 -3.48784 0.502226
237 62 -3.67463 0.439443
237 67 -3.83584 0.376213
237 72 -3.9715 0.313266
237 77 -4.08192 0.251263
237 82 -4.16765 0.190784
237 87 -4.22948 0.132325
237 92 -4.26836 0.0762974
237 97 -4.28539 0.0230275
237 102 -4.28178 -0.0272379
237 107 -4.25881 -0.0743268
237 112 -4.21782 -0.118136
237 117 -4.16016 -0.158622
237 122 -4.08719 -0.195797
237 127 -4.00024 -0.229716
237 132 -3.90061 -0.260474
237 137 -3.78955 -0.288196
237 142 -3.66825 -0.313029
237 147 -3.53783 -0.33514
237 152 -3.39934 -0.354707
237 157 -3.25376 -0.371917
237 162 -3.10198 -0.386957
237 167 -2.94481 -0.400016
237 172 -2.78301 -0.41128
237 177 -2.61723 -0.420929
237 182 -2.44808 -0.429135
237 187 -2.27608 -0.436061
237 192 -2.1017 -0.44186
237 197 -1.92535 -0.446676
237 202 -1.74738 -0.45064
237 207 -1.56808 -0.453869
237 212 -1.38773 -0.456473
237 217 -1.20654 -0.458546
237 222 -1.02468 -0.46017
237 227 -0.842318 -0.461419
237 232 -0.659572 -0.46235
237 237 -0.476549 -0.463011
237 242 -0.293338 -0.463437
237 247 -0.110017 -0.463654

242 2 -0.0720676 0.56292
242 7 -0.431508 0.55944
242 12 -0.787115 0.551058
242 17 -1.13577 0.537933
242 22 -1.47449 0.520314
242 27 -1.80047 0.498527
242 32 -2.11117 0.472966
242 37 -2.40429 0.444079
242 42 -2.67787 0.412355
242 47 -2.93024 0.378308
242 52 -3.1601 0.342461
242 57 -3.36648 0.305335
242 62 -3.54873 0.267433
242 67 -3.70653 0.229232
242 72 -3.83987 0.191174
242 77 -3.94897 0.153658
242 82 -4.03433 0.117035
242 87 -4.09664 0.0816072
242 92 -4.13677 0.0476243
242 97 -4.15573 0.0152872
242 102 -4.15464 -0.0152515
242 107 -4.1347 -0.0438846
242 112 -4.09717 -0.070546
242 117 -4.04333 -0.0952066
242 122 -3.97447 -0.11787
242 127 -3.89186 -0.138566
242 132 -3.79675 -0.157351
242 137 -3.69034 -0.174296
242 142 -3.57378 -0.18949
242 147 -3.44814 -0.203031
242 152 -3.31447 -0.215026
242 157 -3.17369 -0.225587
242 162 -3.02669 -0.234827
242 167 -2.87428 -0.242859
242 172 -2.71717 -0.249795
242 177 -2.55604 -0.255745
242 182 -2.39146 -0.260812
242 187 -2.22397 -0.265095
242 192 -2.05404 -0.268688
242 197 -1.88206 -0.271677
242 202 -1.7084 -0.274142
242 207 -1.53335 -0.276154
242 212 -1.35719 -0.277781
242 217 -1.18013 -0.279079
242 222 -1.00236 -0.280099
242 227 -0.824041 -0.280884
242 232 -0.645306 -0.281471
242 237 -0.466266 -0.281889
242 242 -0.287019 -0.282159
242 247 -0.107649 -0.282297

247 2 -0.069934 0.20829
247 7 -0.418759 0.207
247 12 -0.763906 0.203909
247 17 -1.10238 0.199071
247 22 -1.43131 0.192575
247 27 -1.74801 0.184541
247 32 -2.05002 0.175113
247 37 -2.33512 0.164456
247 42 -2.60141 0.15275
247 47 -2.84728 0.140183
247 52 -3.07144 0.126947
247 57 -3.27295 0.113234
247 62 -3.45115 0.0992291
247 67 -3.60571 0.085109
247 72 -3.73657 0.0710362
247 77 -3.84395 0.057158
247 82 -3.92829 0.0436046
247 87 -3.99023 0.0304878
247 92 -4.0306 0.0179008
247 97 -4.05033 0.00591812
247 102 -4.05052 -0.00540313
247 107 -4.0323 -0.0160226
247 112 -3.99687 -0.0259152
247 117 -3.94547 -0.0350695
247 122 -3.87935 -0.0434861
247 127 -3.79972 -0.0511759
247 132 -3.70781 -0.0581585
247 137 -3.60476 -0.0644604
247 142 -3.49171 -0.0701137
247 147 -3.3697 -0.0751546
247 152 -3.23974 -0.0796224
247 157 -3.10275 -0.083558
247 162 -2.95958 -0.0870031
247 167 -2.81103 -0.0899998
247 172 -2.65781 -0.0925894
247 177 -2.50057 -0.0948121
247 182 -2.33989 -0.0967064
247 187 -2.17629 -0.098309
247 192 -2.01023 -0.0996545
247 197 -1.84212 -0.100775
247 202 -1.6723 -0.101699
247 207 -1.50108 -0.102456
247 212 -1.32873 -0.103067
247 217 -1.15545 -0.103556
247 222 -0.981458 -0.10394
247 227 -0.806895 -0.104237
247 232 -0.631903 -0.104459
247 237 -0.456595 -0.104617
247 242 -0.281071 -0.104719
247 247 -0.105419 -0.104771

