2 2 0.505636 274.282
2 7 2.96354 259.969
2 12 5.08853 226.712
2 17 6.53222 178.701
2 22 7.0136 122.899
2 27 6.54178 67.5128
2 32 5.44258 19.2614
2 37 4.13557 -18.4363
2 42 2.92168 -45.2593
2 47 1.93503 -62.6866
2 52 1.19547 -72.794
2 57 0.670434 -77.5704
2 62 0.313198 -78.6573
2 67 0.0799415 -77.3127
2 72 -0.0648397 -74.4621
2 77 -0.148002 -70.7703
2 82 -0.189121 -66.7083
2 87 -0.202168 -62.6055
2 92 -0.197044 -58.6899
2 97 -0.180931 -55.1156
2 102 -0.159852 -51.979
2 107 -0.142189 -49.3163
2 112 -0.155837 -47.0331
2 117 -0.416431 -44.3188
2 122 -7.86558 -29.2037

7 2 2.90294 283.015
7 7 17.0616 268.106
7 12 29.4436 233.145
7 17 37.9221 182.147
7 22 40.6081 122.728
7 27 37.5134 64.4219
7 32 30.7787 14.7764
7 37 23.033 -22.9634
7 42 16.0144 -49.1048
7 47 10.4092 -65.6467
7 52 6.25806 -74.9344
7 57 3.33649 -79.0492
7 62 1.36317 -79.6383
7 67 0.0854525 -77.9338
7 72 -0.697396 -74.8297
7 77 -1.13569 -70.963
7 82 -1.33842 -66.7824
7 87 -1.38317 -62.601
7 92 -1.32481 -58.6353
7 97 -1.20277 -55.0322
7 102 -1.04857 -51.8872
7 107 -0.8987 -49.2524
7 112 -0.83568 -47.1372
7 117 -1.15754 -45.5792
7 122 -2.36892 -45.7652

12 2 5.26158 303.33
12 7 31.1792 287.337
12 12 54.6685 248.768
12 17 71.3 190.515
12 22 76.032 121.739
12 27 68.6153 56.1411
12 32 54.5199 3.56896
12 37 39.5627 -33.7256
12 42 26.7882 -57.9277
12 47 16.9925 -72.2771
12 52 9.93151 -79.6524
12 57 5.05308 -82.2717
12 62 1.80457 -81.7552
12 67 -0.270522 -79.2598
12 72 -1.52033 -75.6024
12 77 -2.19992 -71.3554
12 82 -2.49186 -66.9179
12 87 -2.52505 -62.5666
12 92 -2.38974 -58.4923
12 97 -2.14949 -54.8251
12 102 -1.85113 -51.6532
12 107 -1.53477 -49.0374
12 112 -1.24407 -47.0332
12 117 -1.00787 -45.7451
12 122 -0.632529 -45.3434

17 2 7.72772 335.794
17 7 46.5582 319.2
17 12 84.5999 276.536
17 17 114.237 205.82
17 22 121.409 117.977
17 27 104.396 38.9105
17 32 78.1298 -16.8235
17 37 53.8831 -51.5584
17 42 35.0158 -71.6681
17 47 21.3723 -82.2004
17 52 11.897 -86.5315
17 57 5.51511 -86.8821
17 62 1.35218 -84.7337
17 67 -1.25052 -81.0901
17 72 -2.77208 -76.6378
17 77 -3.55439 -71.8487
17 82 -3.83846 -67.0474
17 87 -3.79254 -62.4569
17 92 -3.53317 -58.23
17 97 -3.1407 -54.4708
17 102 -2.67066 -51.2511
17 107 -2.1614 -48.6227
17 112 -1.63575 -46.6296
17 117 -1.08748 -45.3145
17 122 -0.460405 -44.6863

22 2 9.89561 380.231
22 7 61.2054 365.726
22 12 119.032 323.734
22 17 176.615 236.003
22 22 189.029 104.885
22 27 145.672 3.25591
22 32 98.5412 -50.4
22 37 63.3892 -77.1412
22 42 39.0433 -89.86
22 47 22.543 -94.7233
22 52 11.5277 -94.9456
22 57 4.31678 -92.3873
22 62 -0.265497 -88.2071
22 67 -3.04046 -83.1595
22 72 -4.58188 -77.7474
22 77 -5.28987 -72.3104
22 82 -5.44239 -67.0786
22 87 -5.23138 -62.2077
22 92 -4.78833 -57.8034
22 97 -4.20228 -53.9369
22 102 -3.53244 -50.6569
22 107 -2.81628 -47.9976
22 112 -2.07336 -45.984
22 117 -1.3059 -44.632
22 122 -0.505285 -43.9391

27 2 10.8311 433.054
27 7 68.7355 425.822
27 12 145.626 402.14
27 17 272.271 322.785
27 22 313.834 41.7679
27 27 179.866 -70.1065
27 32 106.905 -99.2386
27 37 64.0206 -109.043
27 42 37.0392 -110.878
27 47 19.621 -108.573
27 52 8.35937 -103.972
27 57 1.19411 -98.1324
27 62 -3.20769 -91.7139
27 67 -5.74016 -85.144
27 72 -7.01365 -78.7047
27 77 -7.44764 -72.5827
27 82 -7.33037 -66.9018
27 87 -6.85898 -61.7433
27 92 -6.16699 -57.1606
27 97 -5.34335 -53.1884
27 102 -4.44569 -49.8494
27 107 -3.50915 -47.1584
27 112 -2.5523 -45.1247
27 117 -1.58176 -43.7523
27 122 -0.598754 -43.0383

32 2 9.95193 486.151
32 7 63.2845 489.148
32 12 134.861 500.701
32 17 256.397 557.163
32 22 283.381 -256.022
32 27 159.623 -173.589
32 32 92.354 -153.643
32 37 52.8175 -141.923
32 42 28.0706 -131.745
32 47 12.2813 -121.966
32 52 2.2737 -112.475
32 57 -3.89352 -103.364
32 62 -7.48394 -94.7422
32 67 -9.34638 -86.6922
32 72 -10.0592 -79.2671
32 77 -10.018 -72.4983
32 82 -9.49294 -66.4019
32 87 -8.66692 -60.9849
32 92 -7.66225 -56.2484
32 97 -6.5588 -52.1904
32 102 -5.40678 -48.808
32 107 -4.23544 -46.0974
32 112 -3.05939 -44.055
32 117 -1.88358 -42.6765
32 122 -0.70797 -41.9572

37 2 6.99511 529.225
37 7 43.4377 538.634
37 12 84.8931 566.249
37 17 124.272 625.39
37 22 128.738 -305.583
37 27 95.6835 -236.153
37 32 58.8233 -195.33
37 37 31.4801 -168.923
37 42 12.9933 -149.18
37 47 1.01488 -133.064
37 52 -6.41703 -119.319
37 57 -10.7331 -107.341
37 62 -12.9426 -96.7954
37 67 -13.7487 -87.4658
37 72 -13.6371 -79.203
37 77 -12.9407 -71.8985
37 82 -11.8853 -65.471
37 87 -10.6219 -59.8596
37 92 -9.24948 -55.0181
37 97 -7.83051 -50.9117
37 102 -6.40205 -47.514
37 107 -4.98346 -44.8053
37 112 -3.58199 -42.7709
37 117 -2.19695 -41.3998
37 122 -0.823115 -40.6843

42 2 3.48577 555.495
42 7 21.1363 566.542
42 12 38.5631 594.505
42 17 50.7196 639.876
42 22 50.3581 -315.635
42 27 37.7697 -262.324
42 32 20.2195 -219.53
42 37 4.93989 -186.718
42 42 -6.03767 -161.095
42 47 -13.0585 -140.518
42 52 -17.0492 -123.605
42 57 -18.8951 -109.456
42 62 -19.2908 -97.4572
42 67 -18.7415 -87.18
42 72 -17.6008 -78.3181
42 77 -16.1102 -70.6513
42 82 -14.4311 -64.02
42 87 -12.6687 -58.3082
42 92 -10.8887 -53.4315
42 97 -9.12943 -49.3283
42 102 -7.4102 -45.9536
42 107 -5.73712 -43.275
42 112 -4.10735 -41.2691
42 117 -2.51219 -39.9196
42 122 -0.939426 -39.2157

47 2 0.170123 564.504
47 7 1.09136 575.648
47 12 1.89319 602.142
47 17 1.13941 641.523
47 22 -2.68389 -321.175
47 27 -9.28951 -273.787
47 32 -16.8221 -231.245
47 37 -22.9813 -195.713
47 42 -26.8777 -166.893
47 47 -28.6471 -143.645
47 52 -28.7892 -124.777
47 57 -27.816 -109.296
47 62 -26.1373 -96.4369
47 67 -24.0492 -85.6343
47 72 -21.7545 -76.4764
47 77 -19.3868 -68.666
47 82 -17.0305 -61.9895
47 87 -14.7356 -56.2929
47 92 -12.5283 -51.4654
47 97 -10.4185 -47.4272
47 102 -8.4046 -44.1209
47 107 -6.47729 -41.505
47 112 -4.622 -39.5506
47 117 -2.82072 -38.2375
47 122 -1.05338 -37.5532

52 2 -2.89949 557.629
52 7 -17.0468 569.234
52 12 -29.7118 596.412
52 17 -39.7941 636.07
52 22 -46.8592 -326.605
52 27 -50.9033 -278.621
52 32 -51.922 -234.576
52 37 -50.6988 -197.171
52 42 -48.0433 -166.695
52 47 -44.5936 -142.235
52 52 -40.782 -122.587
52 57 -36.8777 -106.66
52 62 -33.0396 -93.5898
52 67 -29.3563 -82.7307
52 72 -25.8738 -73.6139
52 77 -22.6109 -65.9027
52 82 -19.5696 -59.3559
52 87 -16.7413 -53.8012
52 92 -14.1103 -49.115
52 97 -11.6563 -45.2088
52 102 -9.35574 -42.0192
52 107 -7.18327 -39.5007
52 112 -5.11198 -37.6218
52 117 -3.1142 -36.3607
52 122 -1.16179 -35.7037

57 2 -5.95442 535.579
57 7 -35.1126 548.46
57 12 -61.2237 579.086
57 17 -80.6046 624.534
57 22 -90.8235 -332.623
57 27 -92.1475 -278.572
57 32 -86.4626 -230.71
57 37 -77.7307 -191.571
57 42 -68.4987 -160.623
57 47 -59.8806 -136.298
57 52 -52.201 -117.025
57 57 -45.4581 -101.545
57 62 -39.5452 -88.9205
57 67 -34.3392 -78.4801
57 72 -29.7284 -69.7452
57 77 -25.6186 -62.3772
57 82 -21.932 -56.1355
57 87 -18.6029 -50.849
57 92 -15.5756 -46.3955
57 97 -12.8007 -42.6876
57 102 -10.234 -39.6624
57 107 -7.83444 -37.2755
57 112 -5.56363 -35.4955
57 117 -3.38465 -34.3012
57 122 -1.26171 -33.6791

62 2 -9.1748 497.873
62 7 -54.6279 512.326
62 12 -97.0013 548.523
62 17 -128.882 606.07
62 22 -142.292 -338.342
62 27 -137.457 -271.608
62 32 -121.449 -218.184
62 37 -103.396 -178.331
62 42 -87.1272 -148.624
62 47 -73.477 -125.987
62 52 -62.2364 -108.292
62 57 -52.9607 -94.1344
62 62 -45.2271 -82.5812
62 67 -38.6951 -73.0016
62 72 -33.1044 -64.9618
62 77 -28.259 -58.1598
62 82 -24.0105 -52.3828
62 87 -20.2444 -47.4794
62 92 -16.87 -43.3416
62 97 -13.8133 -39.892
62 102 -11.012 -37.0748
62 107 -8.41199 -34.8503
62 112 -5.96456 -33.1905
62 117 -3.62488 -32.0764
62 122 -1.35052 -31.496

67 2 -12.3804 443.835
67 7 -75.1471 458.24
67 12 -139.861 498.431
67 17 -195.91 575.991
67 22 -213.486 -339.904
67 27 -190.344 -250.225
67 32 -155.58 -193.05
67 37 -125.664 -156.365
67 42 -102.302 -130.814
67 47 -84.2396 -111.757
67 52 -70.1087 -96.8532
67 57 -58.8552 -84.814
67 62 -49.7219 -74.8659
67 67 -42.1727 -66.5134
67 72 -35.8264 -59.4244
67 77 -30.4085 -53.3693
67 82 -25.7179 -48.1861
67 87 -21.6035 -43.7591
67 92 -17.9491 -40.0048
67 97 -14.6624 -36.8628
67 102 -11.6676 -34.2893
67 107 -8.90043 -32.2527
67 112 -6.30459 -30.7307
67 117 -3.829 -29.708
67 122 -1.42606 -29.1748

72 2 -14.7204 375.269
72 7 -91.3793 384.779
72 12 -183.096 414.784
72 17 -305.97 506.4
72 22 -338.876 -314.708
72 27 -245.487 -195.494
72 32 -181.696 -150.981
72 37 -140.511 -125.843
72 42 -111.943 -108.249
72 47 -91.0512 -94.6199
72 52 -75.1764 -83.5005
72 57 -62.7482 -74.1644
72 62 -52.7752 -66.1918
72 67 -44.6012 -59.3139
72 72 -37.7767 -53.347
72 77 -31.9845 -48.1603
72 82 -26.9951 -43.6589
72 87 -22.6379 -39.7725
72 92 -18.7825 -36.449
72 97 -15.3261 -33.6496
72 102 -12.185 -31.3455
72 107 -9.28883 -29.5155
72 112 -6.57647 -28.1442
72 117 -3.99282 -27.2211
72 122 -1.4868 -26.7394

77 2 -15.0121 299.61
77 7 -93.5749 299.796
77 12 -190.793 297.133
77 17 -349.064 263.567
77 22 -415.602 -38.6204
77 27 -258.596 -96.8205
77 32 -186.625 -96.9866
77 37 -143.626 -90.844
77 42 -114.456 -83.5369
77 47 -93.2468 -76.2372
77 52 -77.1251 -69.3185
77 57 -64.471 -62.9116
77 62 -54.2853 -57.055
77 67 -45.9135 -51.7478
77 72 -38.9081 -46.9729
77 77 -32.9526 -42.7076
77 82 -27.8168 -38.9285
77 87 -23.3287 -35.614
77 92 -19.3559 -32.7456
77 97 -15.7937 -30.3076
77 102 -12.5563 -28.2872
77 107 -9.57155 -26.6744
77 112 -6.77639 -25.4616
77 117 -4.11408 -24.6431
77 122 -1.53192 -24.2154

82 2 -13.1922 228.171
82 7 -80.7136 221.609
82 12 -154.177 199.695
82 17 -228.394 142.744
82 22 -252.061 43.6252
82 27 -211.585 -23.8387
82 32 -168.105 -50.0885
82 37 -134.91 -58.719
82 42 -110.064 -60.2024
82 47 -91.047 -58.5511
82 52 -76.1194 -55.4803
82 57 -64.1351 -51.8085
82 62 -54.3242 -47.959
82 67 -46.1546 -44.162
82 72 -39.2479 -40.5467
82 77 -33.3289 -37.1864
82 82 -28.1921 -34.1228
82 87 -23.6807 -31.3788
82 92 -19.6717 -28.9667
82 97 -16.0661 -26.8926
82 102 -12.7818 -25.159
82 107 -9.74839 -23.7663
82 112 -6.90407 -22.7142
82 117 -4.19256 -22.002
82 122 -1.56131 -21.6292

87 2 -10.4291 168.952
87 7 -62.4525 161.001
87 12 -112.626 139.251
87 17 -153.229 100.087
87 22 -169.909 49.3514
87 27 -160.66 6.11382
87 32 -140.278 -20.5581
87 37 -119.282 -34.5065
87 42 -100.92 -40.9211
87 47 -85.5486 -43.1144
87 52 -72.7744 -42.9531
87 57 -62.1072 -41.4898
87 62 -53.1191 -39.3363
87 67 -45.4686 -36.8594
87 72 -38.8893 -34.2849
87 77 -33.1741 -31.7547
87 82 -28.1608 -29.3588
87 87 -23.7202 -27.1549
87 92 -19.7472 -25.18
87 97 -16.1549 -23.4579
87 102 -12.8689 -22.0035
87 107 -9.8242 -20.8265
87 112 -6.96249 -19.9326
87 117 -4.2299 -19.3254
87 122 -1.57556 -19.0068

92 2 -7.83595 123.542
92 7 -46.3298 116.921
92 12 -81.3354 100.523
92 17 -108.195 74.9602
92 22 -122.024 44.4702
92 27 -122.373 16.2667
92 32 -113.989 -4.8539
92 37 -102.089 -18.5474
92 42 -89.7373 -26.5388
92 47 -78.226 -30.663
92 52 -67.944 -32.2957
92 57 -58.9068 -32.3673
92 62 -50.998 -31.4895
92 67 -44.0682 -30.0637
92 72 -37.9726 -28.3545
92 77 -32.5824 -26.5381
92 82 -27.7866 -24.7324
92 87 -23.4904 -23.0165
92 92 -19.612 -21.4438
92 97 -16.0801 -20.05
92 102 -12.8312 -18.8592
92 107 -9.80799 -17.8875
92 112 -6.95736 -17.1451
92 117 -4.22929 -16.6389
92 122 -1.5758 -16.3727

97 2 -5.82815 89.7109
97 7 -34.2914 84.9037
97 12 -59.7336 73.5217
97 17 -79.4295 56.7458
97 22 -91.2567 37.1762
97 27 -95.009 18.2475
97 32 -92.5319 2.58449
97 37 -86.3726 -8.89765
97 42 -78.5769 -16.546
97 47 -70.3943 -21.1848
97 52 -62.4673 -23.646
97 57 -55.078 -24.6065
97 62 -48.3198 -24.5716
97 67 -42.1941 -23.9044
97 72 -36.6614 -22.8613
97 77 -31.6657 -21.6221
97 82 -27.1469 -20.3123
97 87 -23.0451 -19.0193
97 92 -19.3033 -17.8035
97 97 -15.8675 -16.7069
97 102 -12.6865 -15.7582
97 107 -9.71172 -14.9772
97 112 -6.89634 -14.3769
97 117 -4.19507 -13.9658
97 122 -1.5636 -13.7492

102 2 -4.3974 64.423
102 7 -25.8595 61.1324
102 12 -45.0887 53.4839
102 17 -60.3855 42.4295
102 22 -70.5943 29.5499
102 27 -75.528 16.7096
102 32 -75.9786 5.43711
102 37 -73.2425 -3.47827
102 42 -68.584 -9.93737
102 47 -62.9632 -14.244
102 52 -57.0084 -16.8433
102 57 -51.0916 -18.1727
102 62 -45.4155 -18.6019
102 67 -40.0786 -18.4215
102 72 -35.119 -17.8506
102 77 -30.5393 -17.0507
102 82 -26.3228 -16.1388
102 87 -22.4416 -15.1989
102 92 -18.8616 -14.2908
102 97 -15.5456 -13.4565
102 102 -12.4546 -12.7255
102 107 -9.54883 -12.1184
102 112 -6.78813 -11.6489
102 117 -4.13219 -11.3261
102 122 -1.54072 -11.1555

107 2 -3.41545 45.095
107 7 -20.1111 42.9254
107 12 -35.2124 37.9145
107 17 -47.5839 30.7058
107 22 -56.4787 22.2574
107 27 -61.7004 13.6457
107 32 -63.5938 5.7923
107 37 -62.8466 -0.731537
107 42 -60.2356 -5.72773
107 47 -56.4487 -9.27019
107 52 -52.0138 -11.5753
107 57 -47.3008 -12.9033
107 62 -42.5527 -13.502
107 67 -37.9202 -13.583
107 72 -33.4906 -13.3156
107 77 -29.3087 -12.8304
107 82 -25.3909 -12.2251
107 87 -21.735 -11.572
107 92 -18.3264 -10.9233
107 97 -15.1425 -10.3167
107 102 -12.1553 -9.77881
107 107 -9.33292 -9.32826
107 112 -6.64156 -8.97785
107 117 -4.04572 -8.73605
107 122 -1.509 -8.60804

112 2 -2.75917 29.8055
112 7 -16.2756 28.4477
112 12 -28.6313 25.3156
112 17 -39.0142 20.8057
112 22 -46.8802 15.4823
112 27 -52.0302 9.96811
112 32 -54.6014 4.8118
112 37 -54.9737 0.389394
112 42 -53.6384 -3.12333
112 47 -51.0861 -5.71649
112 52 -47.7412 -7.4854
112 57 -43.9382 -8.57384
112 62 -39.9237 -9.13456
112 67 -35.8701 -9.30749
112 72 -31.8922 -9.21048
112 77 -28.061 -8.93779
112 82 -24.4157 -8.56215
112 87 -20.9728 -8.13829
112 92 -17.7324 -7.70661
112 97 -14.6834 -7.29649
112 102 -11.8063 -6.92899
112 107 -9.07634 -6.61896
112 112 -6.46476 -6.37667
112 117 -3.94031 -6.20895
112 122 -1.47012 -6.12

117 2 -2.33917 17.1683
117 7 -13.8195 16.4172
117 12 -24.4049 14.6842
117 17 -33.4681 12.1834
117 22 -40.5749 9.21416
117 27 -45.5299 6.10554
117 32 -48.373 3.1529
117 37 -49.3287 0.570273
117 42 -48.7294 -1.52782
117 47 -46.9415 -3.11572
117 52 -44.3114 -4.23026
117 57 -41.1352 -4.9422
117 62 -37.6491 -5.33377
117 67 -34.0304 -5.48444
117 72 -30.4057 -5.46371
117 77 -26.86 -5.32868
117 82 -23.446 -5.12433
117 87 -20.1917 -4.885
117 92 -17.107 -4.63639
117 97 -14.1882 -4.39731
117 102 -11.4223 -4.18138
117 107 -8.78929 -3.99826
117 112 -6.26447 -3.85463
117 117 -3.81989 -3.75498
117 122 -1.42551 -3.70206

122 2 -2.09792 6.16096
122 7 -12.4057 5.89733
122 12 -21.958 5.28879
122 17 -30.2218 4.40927
122 22 -36.8194 3.36161
122 27 -41.5624 2.25865
122 32 -44.451 1.20281
122 37 -45.6403 0.270241
122 42 -45.3867 -0.495873
122 47 -43.9915 -1.0829
122 52 -41.7548 -1.50076
122 57 -38.946 -1.77249
122 62 -35.7883 -1.92636
122 67 -32.4563 -1.99054
122 72 -29.0786 -1.99018
122 77 -25.7447 -1.94627
122 82 -22.5128 -1.8755
122 87 -19.4159 -1.79075
122 92 -16.4684 -1.70169
122 97 -13.6708 -1.61547
122 102 -11.0133 -1.53724
122 107 -8.47901 -1.4707
122 112 -6.04557 -1.41842
122 117 -3.6873 -1.38209
122 122 -1.3762 -1.36279

