2 2 -0.000601043 0.155768
2 7 -0.0017958 0.0779561
2 12 -0.000593528 0.0143342
2 17 -5.34257e-05 0.000935917
2 22 3.43993e-07 2.03718e-05
2 27 4.30502e-07 -1.99217e-08
2 32 2.48137e-08 -1.46679e-08
2 37 1.35944e-10 -1.07512e-10
2 42 6.43929e-14 -6.32827e-14
2 47 0 0
2 52 0 0
2 57 0 0
2 62 0 0
2 67 0 0
2 72 0 0
2 77 0 0
2 82 0 0
2 87 4.32987e-15 6.61693e-14
2 92 1.87165e-11 3.02143e-10
2 97 1.54668e-08 3.17741e-07
2 102 2.1042e-06 7.49145e-05
2 107 -1.42771e-05 0.00583804
2 112 -0.00708781 0.149844
2 117 -0.223753 1.69722
2 122 -7.72767 17.1309

7 2 -7.33247e-05 0.154739
7 7 -0.000207036 0.0781926
7 12 -2.44745e-06 0.0147402
7 17 0.000334009 0.00104899
7 22 0.000403878 -1.19966e-05
7 27 0.000121563 -3.87464e-05
7 32 8.32687e-06 -4.58345e-06
7 37 1.36899e-07 -1.07641e-07
7 42 2.59186e-10 -2.6075e-10
7 47 3.84137e-14 -4.82947e-14
7 52 0 0
7 57 0 0
7 62 0 0
7 67 0 0
7 72 0 0
7 77 0 0
7 82 0 0
7 87 -3.10862e-15 2.38698e-14
7 92 -2.30965e-11 1.43144e-10
7 97 -2.68172e-08 1.34365e-07
7 102 -8.95328e-06 3.4853e-05
7 107 -0.000830585 0.00240465
7 112 -0.0289891 0.0565056
7 117 -0.390785 0.408097
7 122 -1.93812 0.128188

12 2 -7.79327e-07 0.154605
12 7 0.000354246 0.0785036
12 12 0.00617082 0.0176644
12 17 0.0281965 0.00608701
12 22 0.0334962 -0.00348535
12 27 0.0105852 -0.00411751
12 32 0.000914476 -0.000616275
12 37 2.07921e-05 -1.98295e-05
12 42 1.14887e-07 -1.43293e-07
12 47 8.12616e-11 -1.23125e-10
12 52 3.9968e-15 -7.32747e-15
12 57 0 0
12 62 0 0
12 67 0 0
12 72 0 0
12 77 0 0
12 82 0 0
12 87 -2.22045e-16 -6.10623e-16
12 92 -3.57731e-12 1.80811e-12
12 97 -6.13795e-09 7.1317e-09
12 102 -2.11251e-06 2.35214e-06
12 107 -0.00021935 0.000204237
12 112 -0.00677203 0.00407581
12 117 -0.0711963 0.0136457
12 122 -0.195858 -0.0958843

17 2 0.000236104 0.155028
17 7 0.0126855 0.0909833
17 12 0.198548 0.138314
17 17 0.901768 0.217855
17 22 1.09182 -0.152013
17 27 0.336014 -0.173227
17 32 0.0309054 -0.027493
17 37 0.000866509 -0.00109911
17 42 6.97316e-06 -1.14391e-05
17 47 1.32832e-08 -2.71712e-08
17 52 3.36453e-12 -8.08986e-12
17 57 0 -2.22045e-16
17 62 0 0
17 67 0 0
17 72 0 0
17 77 0 0
17 82 0 0
17 87 -5.55112e-17 -2.9976e-15
17 92 -3.82805e-13 -1.39945e-11
17 97 -6.12103e-10 -1.24687e-08
17 102 -2.36935e-07 -2.76598e-06
17 107 -2.45034e-05 -0.000184044
17 112 -0.000797986 -0.00413332
17 117 -0.00811912 -0.0345237
17 122 -0.026179 -0.112677

22 2 0.00259739 0.162072
22 7 0.138291 0.287583
22 12 2.26206 2.12761
22 17 12.3003 4.43934
22 22 15.2551 -3.2071
22 27 4.05181 -3.11081
22 32 0.341419 -0.449576
22 37 0.0103169 -0.0192741
22 42 0.000100608 -0.000245406
22 47 2.83043e-07 -8.52057e-07
22 52 1.71617e-10 -6.30549e-10
22 57 1.33227e-14 -5.62883e-14
22 62 0 0
22 67 0 0
22 72 0 0
22 77 0 0
22 82 0 0
22 87 0 -3.38618e-15
22 92 -1.03084e-13 -1.63212e-11
22 97 -1.42218e-10 -1.4925e-08
22 102 -4.74785e-08 -3.41322e-06
22 107 -4.62508e-06 -0.000231292
22 112 -0.000146799 -0.00518281
22 117 -0.00164534 -0.0412803
22 122 -0.00686223 -0.122627

27 2 0.007799 0.197773
27 7 0.423042 1.30178
27 12 8.4624 15.1029
27 17 71.6843 52.4895
27 22 105.159 -46.786
27 27 16.725 -24.0645
27 32 1.19546 -2.83674
27 37 0.0350817 -0.116831
27 42 0.000376679 -0.00164119
27 47 1.23031e-06 -6.74039e-06
27 52 1.04254e-09 -7.00676e-09
27 57 1.54543e-13 -1.29219e-12
27 62 0 0
27 67 0 0
27 72 0 0
27 77 0 0
27 82 0 0
27 87 -5.55112e-17 -3.4972e-15
27 92 -4.13558e-14 -1.7078e-11
27 97 -5.51656e-11 -1.56544e-08
27 102 -1.7824e-08 -3.58739e-06
27 107 -1.68725e-06 -0.000243404
27 112 -5.3181e-05 -0.00545127
27 117 -0.000612232 -0.0432432
27 122 -0.00277383 -0.127027

32 2 0.0185368 0.285529
32 7 0.868883 3.59362
32 12 12.5592 44.0163
32 17 84.3412 249.342
32 22 100.052 -327.671
32 27 15.7497 -68.9607
32 32 1.12868 -7.03654
32 37 0.0334996 -0.286231
32 42 0.000362688 -0.00406184
32 47 1.21678e-06 -1.80256e-05
32 52 1.04869e-09 -2.03152e-08
32 57 1.672e-13 -4.5679e-12
32 62 0 -1.11022e-16
32 67 0 0
32 72 0 0
32 77 0 0
32 82 0 0
32 87 0 -3.60822e-15
32 92 -1.9873e-14 -1.74086e-11
32 97 -2.62917e-11 -1.59664e-08
32 102 -8.4077e-09 -3.66047e-06
32 107 -7.90555e-07 -0.000248418
32 112 -2.49068e-05 -0.00556267
32 117 -0.000289838 -0.0440859
32 122 -0.00135456 -0.129135

37 2 0.00460758 0.35948
37 7 0.215202 5.24114
37 12 2.69219 59.4895
37 17 11.0625 290.244
37 22 11.3988 -362.619
37 27 3.26613 -87.4444
37 32 0.283507 -9.17443
37 37 0.00893759 -0.374597
37 42 8.96096e-05 -0.00537022
37 47 2.76213e-07 -2.3635e-05
37 52 1.74849e-10 -2.68856e-08
37 57 1.90958e-14 -5.89351e-12
37 62 0 -1.11022e-16
37 67 0 0
37 72 0 0
37 77 0 0
37 82 0 0
37 87 -5.55112e-17 -3.60822e-15
37 92 -1.07692e-14 -1.75773e-11
37 97 -1.41958e-11 -1.61242e-08
37 102 -4.5158e-09 -3.69716e-06
37 107 -4.23273e-07 -0.000250925
37 112 -1.33375e-05 -0.00561849
37 117 -0.000156122 -0.0445144
37 122 -0.000742083 -0.130261

42 2 0.000349761 0.371104
42 7 0.016542 5.50449
42 12 0.198435 61.4155
42 17 0.627531 292.412
42 22 0.62923 -364.091
42 27 0.220968 -89.6008
42 32 0.0225606 -9.50122
42 37 0.000648809 -0.389653
42 42 6.1185e-06 -0.0055679
42 47 1.15727e-08 -2.44327e-05
42 52 4.92206e-12 -2.74965e-08
42 57 1.11022e-16 -5.97944e-12
42 62 0 -1.11022e-16
42 67 0 0
42 72 0 0
42 77 0 0
42 82 0 0
42 87 5.55112e-17 -3.66374e-15
42 92 -6.4948e-15 -1.76728e-11
42 97 -8.35809e-12 -1.62129e-08
42 102 -2.6505e-09 -3.71773e-06
42 107 -2.47981e-07 -0.000252327
42 112 -7.81535e-06 -0.00564976
42 117 -9.18159e-05 -0.0447564
42 122 -0.000441038 -0.130915

47 2 6.39741e-06 0.371724
47 7 0.000444285 5.51857
47 12 0.00492542 61.5123
47 17 0.0154087 292.472
47 22 0.0133083 -364.121
47 27 0.00580014 -89.6977
47 32 0.000523041 -9.51943
47 37 1.5177e-05 -0.390406
47 42 7.87127e-08 -0.00557746
47 47 1.07799e-10 -2.4455e-05
47 52 3.66374e-15 -2.75085e-08
47 57 0 -5.97977e-12
47 62 0 -1.11022e-16
47 67 0 0
47 72 0 0
47 77 0 0
47 82 0 0
47 87 0 -3.60822e-15
47 92 -3.9968e-15 -1.77308e-11
47 97 -5.2483e-12 -1.62668e-08
47 102 -1.66089e-09 -3.73018e-06
47 107 -1.5521e-07 -0.000253176
47 112 -4.8923e-06 -0.0056687
47 117 -5.76153e-05 -0.0449038
47 122 -0.000278715 -0.131321

52 2 1.81399e-08 0.371732
52 7 1.11384e-06 5.51886
52 12 2.64883e-05 61.5141
52 17 4.59486e-05 292.472
52 22 6.45397e-05 -364.121
52 27 1.6436e-05 -89.6996
52 32 2.62184e-06 -9.51974
52 37 2.52248e-08 -0.390419
52 42 2.12746e-10 -0.00557755
52 47 1.09912e-14 -2.44552e-05
52 52 0 -2.75085e-08
52 57 0 -5.97977e-12
52 62 0 -1.11022e-16
52 67 0 0
52 72 0 0
52 77 0 0
52 82 0 0
52 87 0 -3.66374e-15
52 92 -2.60902e-15 -1.77683e-11
52 97 -3.46434e-12 -1.63015e-08
52 102 -1.09478e-09 -3.73818e-06
52 107 -1.02224e-07 -0.00025372
52 112 -3.22251e-06 -0.00568086
52 117 -3.80156e-05 -0.0449987
52 122 -0.00018482 -0.131585

57 2 -3.89396e-06 0.371727
57 7 -0.000238637 5.51871
57 12 -0.00322259 61.513
57 17 -0.00865744 292.472
57 22 -0.00854202 -364.121
57 27 -0.00326519 -89.6986
57 32 -0.000347089 -9.51954
57 37 -7.50722e-06 -0.390413
57 42 -4.99539e-08 -0.0055775
57 47 -3.03331e-11 -2.44551e-05
57 52 -1.88738e-15 -2.75085e-08
57 57 0 -5.97977e-12
57 62 0 -1.11022e-16
57 67 0 0
57 72 0 0
57 77 0 0
57 82 0 0
57 87 0 -3.66374e-15
57 92 -1.88738e-15 -1.77935e-11
57 97 -2.38015e-12 -1.63248e-08
57 102 -7.51384e-10 -3.74356e-06
57 107 -7.01189e-08 -0.000254086
57 112 -2.21062e-06 -0.00568903
57 117 -2.61112e-05 -0.0450627
57 122 -0.000127411 -0.131765

62 2 -0.000218878 0.37136
62 7 -0.0116978 5.50894
62 12 -0.130889 61.4519
62 17 -0.427609 292.435
62 22 -0.404454 -364.107
62 27 -0.155842 -89.6326
62 32 -0.0149165 -9.50804
62 37 -0.00046794 -0.389881
62 42 -3.57329e-06 -0.00557221
62 47 -7.76897e-09 -2.44404e-05
62 52 -1.73461e-12 -2.75046e-08
62 57 -1.11022e-16 -5.97955e-12
62 62 0 -1.11022e-16
62 67 0 0
62 72 0 0
62 77 0 0
62 82 0 0
62 87 0 -3.66374e-15
62 92 -1.33227e-15 -1.78113e-11
62 97 -1.68993e-12 -1.63411e-08
62 102 -5.33056e-10 -3.74731e-06
62 107 -4.97229e-08 -0.000254341
62 112 -1.56771e-06 -0.00569473
62 117 -1.8535e-05 -0.0451074
62 122 -9.0693e-05 -0.131892

67 2 -0.00356234 0.362618
67 7 -0.163057 5.31929
67 12 -2.0456 60.0512
67 17 -7.83303 291.058
67 22 -8.1436 -363.212
67 27 -2.46008 -88.1134
67 32 -0.226511 -9.25716
67 37 -0.00689871 -0.378949
67 42 -7.16214e-05 -0.00541856
67 47 -1.92863e-07 -2.39264e-05
67 52 -1.27382e-10 -2.70708e-08
67 57 -8.99281e-15 -5.94402e-12
67 62 0 -1.11022e-16
67 67 0 0
67 72 0 0
67 77 0 0
67 82 0 0
67 87 0 -3.66374e-15
67 92 -9.99201e-16 -1.7824e-11
67 97 -1.23324e-12 -1.63528e-08
67 102 -3.88767e-10 -3.75001e-06
67 107 -3.62516e-08 -0.000254524
67 112 -1.14304e-06 -0.00569883
67 117 -1.3524e-05 -0.0451396
67 122 -6.63168e-05 -0.131983

72 2 -0.015888 0.302761
72 7 -0.746366 3.95304
72 12 -10.6829 47.8838
72 17 -64.381 265.062
72 22 -73.7572 -342.692
72 27 -13.8105 -73.4015
72 32 -1.02594 -7.46053
72 37 -0.0308792 -0.301134
72 42 -0.000330006 -0.00432618
72 47 -1.10254e-06 -1.90374e-05
72 52 -9.13051e-10 -2.20262e-08
72 57 -1.4011e-13 -4.89098e-12
72 62 0 -1.11022e-16
72 67 0 0
72 72 0 0
72 77 0 0
72 82 0 0
72 87 0 -3.66374e-15
72 92 -7.77156e-16 -1.78333e-11
72 97 -9.21208e-13 -1.63615e-08
72 102 -2.90264e-10 -3.752e-06
72 107 -2.70593e-08 -0.00025466
72 112 -8.53236e-07 -0.00570186
72 117 -1.01011e-05 -0.0451634
72 122 -4.96165e-05 -0.132051

77 2 -0.00803041 0.203085
77 7 -0.43823 1.48892
77 12 -9.10313 18.0995
77 17 -86.6589 75.3078
77 22 -135.775 -75.0644
77 27 -18.4509 -29.5795
77 32 -1.27611 -3.27833
77 37 -0.0376213 -0.135231
77 42 -0.000400016 -0.00188232
77 47 -1.35333e-06 -8.08545e-06
77 52 -1.13863e-09 -8.53235e-09
77 57 -1.85185e-13 -1.72207e-12
77 62 0 0
77 67 0 0
77 72 0 0
77 77 0 0
77 82 0 0
77 87 -5.55112e-17 -3.66374e-15
77 92 -5.55112e-16 -1.78405e-11
77 97 -7.01994e-13 -1.6368e-08
77 102 -2.21133e-10 -3.7535e-06
77 107 -2.06104e-08 -0.000254762
77 112 -6.49911e-07 -0.00570413
77 117 -7.69763e-06 -0.0451814
77 122 -3.78628e-05 -0.132103

82 2 -0.0031651 0.164133
82 7 -0.164763 0.338297
82 12 -2.8254 2.77222
82 17 -16.186 6.14557
82 22 -20.4837 -4.57187
82 27 -5.05771 -4.06049
82 32 -0.417503 -0.571172
82 37 -0.0123843 -0.02405
82 42 -0.000126106 -0.000319392
82 47 -3.6361e-07 -1.15557e-06
82 52 -2.43335e-10 -9.30862e-10
82 57 -2.40918e-14 -1.13021e-13
82 62 0 0
82 67 0 0
82 72 0 0
82 77 0 0
82 82 0 0
82 87 0 -3.66374e-15
82 92 -4.44089e-16 -1.78458e-11
82 97 -5.44509e-13 -1.6373e-08
82 102 -1.71446e-10 -3.75465e-06
82 107 -1.59766e-08 -0.00025484
82 112 -5.03809e-07 -0.00570589
82 117 -5.96947e-06 -0.0451952
82 122 -2.93954e-05 -0.132142

87 2 -0.000312816 0.155184
87 7 -0.0169854 0.0955152
87 12 -0.259086 0.178233
87 17 -1.21988 0.297245
87 22 -1.45981 -0.2062
87 27 -0.447161 -0.233344
87 32 -0.0403008 -0.0363252
87 37 -0.00116819 -0.00149668
87 42 -9.87459e-06 -1.65736e-05
87 47 -2.01886e-08 -4.17166e-08
87 52 -7.36189e-12 -1.86193e-11
87 57 -4.4964e-15 -2.22045e-16
87 62 -4.44089e-15 0
87 67 -4.44089e-15 0
87 72 -4.44089e-15 0
87 77 -4.44089e-15 0
87 82 -4.44089e-15 0
87 87 -4.4964e-15 -3.71925e-15
87 92 -4.88498e-15 -1.78502e-11
87 97 -4.33265e-13 -1.6377e-08
87 102 -1.34988e-10 -3.75555e-06
87 107 -1.2577e-08 -0.000254901
87 112 -3.96616e-07 -0.00570726
87 117 -4.70087e-06 -0.045206
87 122 -2.31701e-05 -0.132173

92 2 -8.60889e-06 0.154598
92 7 -0.000513764 0.0786068
92 12 -0.00842061 0.0186533
92 17 -0.0375081 0.00770841
92 22 -0.0451057 -0.00465835
92 27 -0.0141796 -0.00544956
92 32 -0.0012488 -0.000829131
92 37 -3.06036e-05 -2.90659e-05
92 42 -1.7395e-07 -2.1378e-07
92 47 -2.14499e-10 -2.98564e-10
92 52 -2.07171e-11 -1.42664e-14
92 57 -2.07093e-11 0
92 62 -2.07093e-11 0
92 67 -2.07093e-11 0
92 72 -2.07093e-11 0
92 77 -2.07093e-11 0
92 82 -2.07093e-11 0
92 87 -2.07093e-11 -3.66374e-15
92 92 -2.07095e-11 -1.78535e-11
92 97 -2.10515e-11 -1.63801e-08
92 102 -1.28442e-10 -3.75626e-06
92 107 -1.00574e-08 -0.00025495
92 112 -3.16536e-07 -0.00570834
92 117 -3.7525e-06 -0.0452145
92 122 -1.85101e-05 -0.132198

97 2 -7.31497e-08 0.154587
97 7 -4.55168e-06 0.0782267
97 12 -8.9458e-05 0.0148017
97 17 -0.000428235 0.00106596
97 22 -0.000517013 -1.88875e-05
97 27 -0.00015328 -4.62796e-05
97 32 -1.17754e-05 -6.18421e-06
97 37 -2.05328e-07 -1.39264e-07
97 42 -1.911e-08 -5.96755e-10
97 47 -1.8501e-08 -7.82707e-14
97 52 -1.85009e-08 0
97 57 -1.85009e-08 0
97 62 -1.85009e-08 0
97 67 -1.85009e-08 0
97 72 -1.85009e-08 0
97 77 -1.85009e-08 0
97 82 -1.85009e-08 0
97 87 -1.85009e-08 -3.66374e-15
97 92 -1.85009e-08 -1.78563e-11
97 97 -1.85012e-08 -1.63826e-08
97 102 -1.85879e-08 -3.75684e-06
97 107 -2.66082e-08 -0.000254989
97 112 -2.74146e-07 -0.00570921
97 117 -3.04937e-06 -0.0452214
97 122 -1.49752e-05 -0.132218

102 2 -7.25033e-07 0.154586
102 7 -3.38199e-06 0.0782238
102 12 -4.34608e-06 0.0147692
102 17 -5.73419e-06 0.00100645
102 22 -5.98408e-06 2.32213e-05
102 27 -4.65639e-06 3.78096e-08
102 32 -4.1607e-06 -1.04801e-08
102 37 -4.13594e-06 -1.56034e-10
102 42 -4.13569e-06 -5.65104e-14
102 47 -4.13569e-06 0
102 52 -4.13569e-06 0
102 57 -4.13569e-06 0
102 62 -4.13569e-06 0
102 67 -4.13569e-06 0
102 72 -4.13569e-06 0
102 77 -4.13569e-06 0
102 82 -4.13569e-06 0
102 87 -4.13569e-06 -3.66374e-15
102 92 -4.13569e-06 -1.78584e-11
102 97 -4.13569e-06 -1.63846e-08
102 102 -4.13576e-06 -3.7573e-06
102 107 -4.14212e-06 -0.00025502
102 112 -4.33009e-06 -0.00570991
102 117 -6.29658e-06 -0.0452268
102 122 -1.42734e-05 -0.132234

107 2 -4.57293e-05 0.154534
107 7 -0.000218034 0.0781999
107 12 -0.000268505 0.0147656
107 17 -0.000273696 0.00100612
107 22 -0.000273857 2.33457e-05
107 27 -0.000273857 1.6832e-07
107 32 -0.000273857 3.23185e-10
107 37 -0.000273857 1.32339e-13
107 42 -0.000273857 0
107 47 -0.000273857 0
107 52 -0.000273857 0
107 57 -0.000273857 0
107 62 -0.000273857 0
107 67 -0.000273857 0
107 72 -0.000273857 0
107 77 -0.000273857 0
107 82 -0.000273857 0
107 87 -0.000273857 -3.60822e-15
107 92 -0.000273857 -1.78602e-11
107 97 -0.000273857 -1.63861e-08
107 102 -0.000273857 -3.7575e-06
107 107 -0.000273834 -0.000255018
107 112 -0.000272482 -0.00570933
107 117 -0.00025134 -0.0452188
107 122 -0.000139665 -0.132203

112 2 -0.000969971 0.153006
112 7 -0.00467093 0.0774652
112 12 -0.00584299 0.0146443
112 17 -0.00597909 0.000999461
112 22 -0.00598466 2.32417e-05
112 27 -0.00598473 1.67947e-07
112 32 -0.00598473 3.27614e-10
112 37 -0.00598473 1.37668e-13
112 42 -0.00598473 0
112 47 -0.00598473 0
112 52 -0.00598473 0
112 57 -0.00598473 0
112 62 -0.00598473 0
112 67 -0.00598473 0
112 72 -0.00598473 0
112 77 -0.00598473 0
112 82 -0.00598473 0
112 87 -0.00598473 -3.66374e-15
112 92 -0.00598473 -1.78535e-11
112 97 -0.00598473 -1.63557e-08
112 102 -0.00598472 -3.74418e-06
112 107 -0.0059836 -0.000253546
112 112 -0.00594076 -0.00566651
112 117 -0.00538087 -0.0448145
112 122 -0.00276567 -0.130921

117 2 -0.00733938 0.136605
117 7 -0.0356642 0.0693167
117 12 -0.0450036 0.0131748
117 17 -0.0461937 0.000907926
117 22 -0.046249 2.13587e-05
117 27 -0.0462498 1.57207e-07
117 32 -0.0462498 3.12047e-10
117 37 -0.0462498 1.34337e-13
117 42 -0.0462498 0
117 47 -0.0462498 0
117 52 -0.0462498 0
117 57 -0.0462498 0
117 62 -0.0462498 0
117 67 -0.0462498 0
117 72 -0.0462498 0
117 77 -0.0462498 0
117 82 -0.0462498 0
117 87 -0.0462498 -3.60822e-15
117 92 -0.0462498 -1.71529e-11
117 97 -0.0462498 -1.54301e-08
117 102 -0.0462497 -3.4618e-06
117 107 -0.0462377 -0.000231439
117 112 -0.0458426 -0.00511402
117 117 -0.0412451 -0.0401774
117 122 -0.0209172 -0.116947

122 2 -0.0206461 0.0681733
122 7 -0.100802 0.0346829
122 12 -0.127814 0.00664845
122 17 -0.1314 0.000463737
122 22 -0.131578 1.11792e-05
122 27 -0.131582 8.43371e-08
122 32 -0.131582 1.76868e-10
122 37 -0.131582 8.03246e-14
122 42 -0.131582 0
122 47 -0.131582 0
122 52 -0.131582 0
122 57 -0.131582 0
122 62 -0.131582 0
122 67 -0.131582 0
122 72 -0.131582 0
122 77 -0.131582 0
122 82 -0.131582 0
122 87 -0.131582 -2.22045e-15
122 92 -0.131582 -9.96872e-12
122 97 -0.131582 -8.40501e-09
122 102 -0.131581 -1.83286e-06
122 107 -0.131541 -0.000119045
122 112 -0.130322 -0.00259365
122 117 -0.116836 -0.02015
122 122 -0.0589483 -0.0583587

