2 2 -0.487855 -65.6534
2 7 -2.85986 -59.7199
2 12 -4.91116 -45.8753
2 17 -6.3006 -26.1528
2 22 -6.75104 -4.52172
2 27 -6.27241 14.1246
2 32 -5.19002 26.2311
2 37 -3.92125 30.987
2 42 -2.76319 29.8737
2 47 -1.84404 25.2975
2 52 -1.17674 19.4499
2 57 -0.721783 13.8254
2 62 -0.426519 9.18037
2 67 -0.242922 5.73287
2 72 -0.133245 3.37912
2 77 -0.0702361 1.8841
2 82 -0.035362 0.992182
2 87 -0.0166238 0.488533
2 92 -0.00650307 0.213785
2 97 -0.000199005 0.0596846
2 102 0.00620202 -0.0492976
2 107 0.0193807 -0.186298
2 112 0.0659636 -0.513768
2 117 0.3607 -1.88332
2 122 7.84461 -16.2882

7 2 -2.60682 -73.5249
7 7 -15.3346 -67.0629
7 12 -26.4877 -51.6765
7 17 -34.066 -29.18
7 22 -36.248 -4.17294
7 27 -33.0545 17.1644
7 32 -26.5891 30.4677
7 37 -19.4092 35.1159
7 42 -13.1578 33.2337
7 47 -8.41675 27.7408
7 52 -5.12965 21.0984
7 57 -2.99457 14.8723
7 62 -1.67873 9.81523
7 67 -0.904499 6.09984
7 72 -0.468171 3.58345
7 77 -0.232216 1.99287
7 82 -0.109296 1.04858
7 87 -0.0467484 0.517425
7 92 -0.013809 0.230356
7 97 0.00805845 0.0738348
7 102 0.0336368 -0.0259688
7 107 0.0868132 -0.123884
7 112 0.241203 -0.276514
7 117 0.78876 -0.486236
7 122 2.2301 0.411676

12 2 -4.78789 -91.8823
12 7 -28.4205 -84.5071
12 12 -49.9643 -65.8794
12 17 -65.197 -36.6311
12 22 -69.1779 -2.80974
12 27 -61.659 25.2992
12 32 -48.049 41.0826
12 37 -34.0509 44.9541
12 42 -22.5558 40.9351
12 47 -14.1878 33.1943
12 52 -8.54334 24.6994
12 57 -4.94321 17.1276
12 62 -2.75216 11.1617
12 67 -1.47442 6.87105
12 72 -0.759412 4.0063
12 77 -0.374996 2.21628
12 82 -0.175918 1.1624
12 87 -0.0754114 0.575221
12 92 -0.0235763 0.26248
12 97 0.00841145 0.0995783
12 102 0.0397304 0.0110396
12 107 0.0899131 -0.0438477
12 112 0.18817 -0.0714252
12 117 0.353646 -0.00338318
12 122 0.386412 0.31025

17 2 -7.16648 -121.723
17 7 -43.2998 -113.982
17 12 -79.0867 -91.796
17 17 -107.177 -50.7878
17 22 -113.6 1.36163
17 27 -96.5971 42.2482
17 32 -71.0268 60.5959
17 37 -48.0426 61.458
17 42 -30.8163 53.09
17 47 -18.9782 41.4663
17 52 -11.2702 30.0314
17 57 -6.46093 20.4113
17 62 -3.57401 13.1041
17 67 -1.90595 7.97376
17 72 -0.978266 4.60881
17 77 -0.48193 2.5324
17 82 -0.225972 1.32306
17 87 -0.0976925 0.655595
17 92 -0.0330104 0.30544
17 97 0.0036088 0.129551
17 102 0.0323989 0.0447746
17 107 0.0657644 0.00901515
17 112 0.108584 0.0109893
17 117 0.142951 0.0617881
17 122 0.105389 0.153245

22 2 -9.35453 -163.36
22 7 -58.0811 -158.002
22 12 -113.831 -137.133
22 17 -170.169 -79.96
22 22 -182.194 14.6851
22 27 -139.082 77.4393
22 32 -92.8368 93.0651
22 37 -59.1396 85.446
22 42 -36.62 69.4176
22 47 -22.0786 52.0852
22 52 -12.939 36.6896
22 57 -7.35319 24.4467
22 62 -4.04367 15.4638
22 67 -2.14717 9.30534
22 72 -1.09874 5.33168
22 77 -0.540122 2.91076
22 82 -0.253282 1.51403
22 87 -0.110431 0.750277
22 92 -0.0398704 0.353846
22 97 -0.00274702 0.159026
22 102 0.0211398 0.0699472
22 107 0.0411516 0.0365743
22 112 0.0579611 0.0365206
22 117 0.0620961 0.0596786
22 122 0.0382902 0.0901766

27 2 -10.4262 -213.775
27 7 -66.4214 -215.988
27 12 -141.893 -214.146
27 17 -268.073 -166.401
27 22 -310.29 77.622
27 27 -176.753 150.161
27 32 -104.811 140.645
27 37 -63.4653 115.636
27 42 -38.3066 88.5098
27 47 -22.7608 64.025
27 52 -13.2153 44.0145
27 57 -7.46297 28.8241
27 62 -4.08476 18.0028
27 67 -2.16146 10.7282
27 72 -1.1029 6.10154
27 77 -0.541167 3.31166
27 82 -0.253685 1.71583
27 87 -0.111381 0.84915
27 92 -0.04216 0.402813
27 97 -0.00764923 0.185659
27 102 0.0115073 0.0877989
27 107 0.0237226 0.050306
27 112 0.0305752 0.0435916
27 117 0.0291947 0.0518842
27 122 0.0165303 0.0631024

32 2 -10.0358 734.081
32 7 -63.8281 721.427
32 12 -136.034 687.526
32 17 -258.462 598.414
32 22 -285.386 375.764
32 27 -162.058 252.869
32 32 -96.0017 193.684
32 37 -58.0159 146.829
32 42 -34.9187 107.603
32 47 -20.6772 75.7643
32 52 -11.9635 51.1381
32 57 -6.7318 33.0518
32 62 -3.67251 20.44
32 67 -1.93705 12.089
32 72 -0.985752 6.83432
32 77 -0.482493 3.69243
32 82 -0.225984 1.90645
32 87 -0.0995824 0.941959
32 92 -0.0388412 0.44759
32 97 -0.00956834 0.208277
32 102 0.00520315 0.100464
32 107 0.0130161 0.0575831
32 112 0.0161811 0.0454231
32 117 0.0145408 0.0463937
32 122 0.00793205 0.0504771

37 2 -7.41121 689.805
37 7 -45.9296 670.698
37 12 -89.4209 620.665
37 17 -130.675 529.043
37 22 -136.754 424.506
37 27 -105.305 314.18
37 32 -70.0544 233.865
37 37 -44.2455 172.278
37 42 -27.0851 123.616
37 47 -16.1233 85.706
37 52 -9.32511 57.185
37 57 -5.23245 36.6334
37 62 -2.84254 22.4992
37 67 -1.49284 13.2336
37 72 -0.756162 7.44884
37 77 -0.368661 4.01012
37 82 -0.172021 2.06501
37 87 -0.0757572 1.01852
37 92 -0.0298728 0.48399
37 97 -0.00824478 0.225797
37 102 0.00211721 0.109268
37 107 0.00702365 0.0617225
37 112 0.00864317 0.0458943
37 117 0.00752903 0.0431697
37 122 0.00407284 0.0442697

42 2 -4.33532 660.413
42 7 -26.1793 639.741
42 12 -47.5687 589.563
42 17 -63.2612 512.091
42 22 -65.9635 432.28
42 27 -55.9831 338.381
42 32 -40.4731 256.388
42 37 -26.6573 188.753
42 42 -16.5653 134.628
42 47 -9.86086 92.7072
42 52 -5.66076 61.4691
42 57 -3.13999 39.1667
42 62 -1.68441 23.9464
42 67 -0.872763 14.0324
42 72 -0.436545 7.87397
42 77 -0.210083 4.22842
42 82 -0.0968372 2.17302
42 87 -0.0419839 1.07033
42 92 -0.0161623 0.508302
42 97 -0.00411046 0.237233
42 102 0.00152837 0.114683
42 107 0.00406667 0.0639951
42 112 0.00475874 0.0459642
42 117 0.00403724 0.0413671
42 122 0.0021988 0.041112

47 2 -1.51796 645.935
47 7 -9.07444 625.363
47 12 -16.0735 577.12
47 17 -20.7649 506.327
47 22 -21.4805 434.309
47 27 -18.4314 347.185
47 32 -13.3222 266.287
47 37 -8.50444 196.742
47 42 -4.96246 140.168
47 47 -2.70521 96.2326
47 52 -1.3918 63.5879
47 57 -0.680288 40.3843
47 62 -0.315571 24.6198
47 67 -0.139137 14.3913
47 72 -0.0577045 8.05867
47 77 -0.022317 4.32013
47 82 -0.00752439 2.21713
47 87 -0.00162255 1.09098
47 92 0.000843389 0.517881
47 97 0.00200098 0.241734
47 102 0.00266114 0.116812
47 107 0.00296994 0.0648011
47 112 0.00287418 0.0457762
47 117 0.00228898 0.0403184
47 122 0.00125291 0.0394559

52 2 1.03323 644.782
52 7 6.00668 624.075
52 12 10.1498 575.9
52 17 12.83 505.928
52 22 13.8819 435.022
52 27 13.4649 348.715
52 32 11.7103 267.705
52 37 9.30872 197.562
52 42 6.86134 140.423
52 47 4.74381 96.1488
52 52 3.09766 63.3701
52 57 1.92102 40.1555
52 62 1.13388 24.4338
52 67 0.638774 14.26
52 72 0.343504 7.97477
52 77 0.176749 4.27064
52 82 0.0870927 2.18997
52 87 0.0414026 1.07707
52 92 0.0192689 0.511294
52 97 0.00916312 0.238879
52 102 0.00479557 0.11567
52 107 0.00296793 0.0642642
52 112 0.00209384 0.0452721
52 117 0.00145454 0.0396059
52 122 0.000774344 0.038525

57 2 3.59654 656.264
57 7 21.1718 634.732
57 12 36.5602 584.158
57 17 46.6841 509.913
57 22 49.5064 435.168
57 27 45.5195 344.761
57 32 36.748 261.856
57 37 26.9988 191.704
57 42 18.5201 135.519
57 47 12.0361 92.4603
57 52 7.46926 60.7948
57 57 4.44069 38.4624
57 62 2.53362 23.3773
57 67 1.38719 13.6327
57 72 0.729058 7.61946
57 77 0.367556 4.07877
57 82 0.177896 2.09104
57 87 0.0827406 1.02851
57 92 0.0372108 0.48858
57 97 0.0164119 0.228801
57 102 0.00735593 0.111393
57 107 0.00354818 0.0624631
57 112 0.00192725 0.0443908
57 117 0.00111546 0.0389791
57 122 0.000546157 0.0379152

62 2 6.39398 681.1
62 7 38.1938 658.566
62 12 67.9493 603.73
62 17 88.9699 519.283
62 22 93.7579 433.958
62 27 82.8537 333.341
62 32 63.4679 247.286
62 37 44.535 178.555
62 42 29.4872 125.34
62 47 18.6676 85.2367
62 52 11.3571 55.971
62 57 6.65157 35.3957
62 62 3.74992 21.5145
62 67 2.03422 12.5489
62 72 1.0608 7.01603
62 77 0.531573 3.75692
62 82 0.255827 1.92698
62 87 0.118377 0.948476
62 92 0.0528128 0.451338
62 97 0.0229286 0.212224
62 102 0.00988197 0.104335
62 107 0.00439304 0.059523
62 112 0.00209843 0.0431127
62 117 0.00106049 0.0382968
62 122 0.000460427 0.0374019

67 2 9.27812 720.399
67 7 56.82 698.579
67 12 107.489 641.272
67 17 151.45 538.976
67 22 159.384 427.662
67 27 129.499 307.009
67 32 91.1024 220.039
67 37 60.399 156.961
67 42 38.6142 109.88
67 47 23.9132 74.7806
67 52 14.342 49.1963
67 57 8.31765 31.1771
67 62 4.65718 18.9869
67 67 2.51343 11.0942
67 72 1.3059 6.21178
67 77 0.652505 3.33088
67 82 0.31347 1.71057
67 87 0.144878 0.843379
67 92 0.0646359 0.402448
67 97 0.0280621 0.190493
67 102 0.0120761 0.095039
67 107 0.00531413 0.055651
67 112 0.00247033 0.0414559
67 117 0.00118617 0.0374788
67 122 0.000465989 0.0368503

72 2 11.4157 772.914
72 7 71.868 756.74
72 12 148.688 711.32
72 17 258.836 597.26
72 22 281.162 393.74
72 27 180.418 246.917
72 32 112.814 175.796
72 37 70.8976 127.003
72 42 44.1275 90.0398
72 47 26.9316 61.902
72 52 16.0152 41.0468
72 57 9.2401 26.1713
72 62 5.15649 16.0156
72 67 2.77711 9.39326
72 72 1.44098 5.2759
72 77 0.719642 2.83612
72 82 0.345826 1.46004
72 87 0.160137 0.721734
72 92 0.0717666 0.34597
72 97 0.0314641 0.165318
72 102 0.013786 0.0842417
72 107 0.00623963 0.0510948
72 112 0.00299087 0.0394697
72 117 0.00145531 0.0364707
72 122 0.000541779 0.0361637

77 2 11.4343 -168.57
77 7 72.4708 -174.581
77 12 153.678 -185.377
77 17 298.617 -171.324
77 22 355.506 108.264
77 27 191.337 142.705
77 32 115.551 119.607
77 37 71.8466 92.6698
77 42 44.5514 68.2456
77 47 27.1609 48.0369
77 52 16.1528 32.3586
77 57 9.32496 20.8645
77 62 5.20825 12.8732
77 67 2.8078 7.59821
77 72 1.4587 4.28837
77 77 0.729709 2.31474
77 82 0.351617 1.19579
77 87 0.163628 0.593557
77 92 0.0740515 0.286318
77 97 0.0330964 0.138698
77 102 0.0150228 0.0727137
77 107 0.0071818 0.0461386
77 112 0.00366783 0.0371988
77 117 0.00186763 0.0352243
77 122 0.000684124 0.0352517

82 2 9.65512 -114.941
82 7 59.8452 -113.306
82 12 117.45 -102.768
82 17 178.315 -62.2305
82 22 191.748 17.4211
82 27 144.252 64.2915
82 32 97.0051 70.5225
82 37 63.0734 61.2084
82 42 40.0348 47.8411
82 47 24.7551 34.8947
82 52 14.8629 24.0598
82 57 8.63934 15.7651
82 62 4.85092 9.84201
82 67 2.62645 5.85993
82 72 1.36991 3.33025
82 77 0.688159 1.80734
82 82 0.333467 0.938417
82 87 0.156598 0.468321
82 92 0.072073 0.227965
82 97 0.0332398 0.112478
82 102 0.0159257 0.0612292
82 107 0.00821404 0.0410218
82 112 0.00453928 0.0346788
82 117 0.00244107 0.033676
82 122 0.000896948 0.0340173

87 2 7.02599 -73.0831
87 7 42.3632 -69.2112
87 12 77.2139 -56.879
87 17 104.799 -31.3447
87 22 111.378 3.09031
87 27 95.2086 28.9869
87 32 71.0743 38.7817
87 37 49.2373 37.5532
87 42 32.483 31.3297
87 47 20.5926 23.8223
87 52 12.5757 16.8916
87 57 7.40038 11.2902
87 62 4.19397 7.15077
87 67 2.28806 4.30491
87 72 1.20143 2.46723
87 77 0.607881 1.34853
87 82 0.297313 0.704524
87 87 0.141743 0.354232
87 92 0.067002 0.174478
87 97 0.0324036 0.0882683
87 102 0.0167103 0.0503768
87 107 0.00943053 0.0359395
87 112 0.00564599 0.0319057
87 117 0.00319247 0.0317486
87 122 0.00118417 0.0323497

92 2 4.63799 -44.1803
92 7 27.44 -40.858
92 12 47.9898 -32.0894
92 17 62.4867 -17.598
92 22 66.6393 -0.413972
92 27 60.2838 13.5734
92 32 48.1711 20.8063
92 37 35.2722 21.951
92 42 24.2317 19.4216
92 47 15.814 15.3858
92 52 9.86469 11.2356
92 57 5.89782 7.67296
92 62 3.38451 4.93975
92 67 1.86556 3.01089
92 72 0.989139 1.743
92 77 0.505763 0.960391
92 82 0.251007 0.505701
92 87 0.122497 0.256575
92 92 0.0603172 0.128421
92 97 0.0311697 0.0670881
92 102 0.0175957 0.0405748
92 107 0.0108983 0.0309823
92 112 0.00700206 0.0288503
92 117 0.00411947 0.0293487
92 122 0.00154266 0.0301348

97 2 2.88017 -25.7071
97 7 16.8686 -23.5007
97 12 28.934 -18.1386
97 17 37.1233 -10.1236
97 22 39.8586 -1.1174
97 27 37.2159 6.4793
97 32 31.0563 11.0227
97 37 23.7226 12.4018
97 42 16.8875 11.5145
97 47 11.3388 9.46353
97 52 7.23223 7.10671
97 57 4.40165 4.95959
97 62 2.56279 3.24663
97 67 1.431 2.00565
97 72 0.768347 1.17344
97 77 0.398901 0.652644
97 82 0.202297 0.346657
97 87 0.102311 0.177947
97 92 0.0533985 0.0908713
97 97 0.0300517 0.049459
97 102 0.0187153 0.0319724
97 107 0.0126175 0.0261741
97 112 0.0085674 0.0254544
97 117 0.00518623 0.0263895
97 122 0.00195652 0.0272697

102 2 1.71645 -14.476
102 7 10.0051 -13.169
102 12 17.0233 -10.121
102 17 21.7513 -5.77396
102 22 23.5263 -1.00707
102 27 22.4219 3.0985
102 32 19.2654 5.76047
102 37 15.1844 6.80641
102 42 11.1316 6.56687
102 47 7.66674 5.56714
102 52 4.9972 4.2876
102 57 3.09722 3.05313
102 62 1.83269 2.03193
102 67 1.03886 1.2719
102 72 0.567143 0.752603
102 77 0.300725 0.422603
102 82 0.157503 0.226784
102 87 0.0838372 0.117988
102 92 0.0472906 0.0618108
102 97 0.0293364 0.0353166
102 102 0.0200724 0.0245497
102 107 0.014489 0.0214649
102 112 0.0102357 0.0216671
102 117 0.00631522 0.0228087
102 122 0.00239466 0.0236895

107 2 0.992621 -7.88215
107 7 5.77527 -7.16119
107 12 9.79899 -5.51038
107 17 12.525 -3.211
107 22 13.6411 -0.714996
107 27 13.1957 1.4654
107 32 11.5764 2.95163
107 37 9.34412 3.62451
107 42 7.01483 3.60376
107 47 4.94094 3.13447
107 52 3.286 2.46645
107 57 2.07474 1.78875
107 62 1.24906 1.20845
107 67 0.721072 0.766283
107 72 0.40216 0.458282
107 77 0.219759 0.259977
107 82 0.120443 0.140985
107 87 0.0687083 0.0745382
107 92 0.042486 0.0402091
107 97 0.0290626 0.0242684
107 102 0.0215113 0.018127
107 107 0.0163201 0.0167944
107 112 0.0118363 0.0174624
107 117 0.0073919 0.0185991
107 122 0.00281199 0.0193908

112 2 0.564927 -4.10508
112 7 3.28484 -3.72964
112 12 5.57261 -2.88004
112 17 7.13745 -1.70878
112 22 7.82469 -0.442873
112 27 7.6567 0.675102
112 32 6.82616 1.46279
112 37 5.61383 1.85145
112 42 4.29969 1.88469
112 47 3.08869 1.67257
112 52 2.09428 1.33986
112 57 1.34712 0.986572
112 62 0.826995 0.675521
112 67 0.487903 0.43315
112 72 0.279984 0.261724
112 77 0.159287 0.149842
112 82 0.0927199 0.082172
112 87 0.0574216 0.0441605
112 92 0.0390232 0.0245945
112 97 0.0290253 0.0156706
112 102 0.0227685 0.0124864
112 107 0.0178514 0.0121108
112 112 0.0131616 0.0128723
112 117 0.00827997 0.0138247
112 122 0.00315592 0.0144521

117 2 0.329305 -1.94391
117 7 1.91529 -1.76758
117 12 3.25178 -1.36953
117 17 4.17746 -0.824133
117 22 4.60662 -0.234852
117 27 4.55209 0.289484
117 32 4.11106 0.666931
117 37 3.43469 0.863544
117 42 2.67577 0.893957
117 47 1.95726 0.805318
117 52 1.35144 0.65358
117 57 0.886274 0.487025
117 62 0.555538 0.336841
117 67 0.336299 0.218004
117 72 0.199613 0.132758
117 77 0.119202 0.0766372
117 82 0.0741354 0.0424119
117 87 0.0497756 0.0231497
117 92 0.0365938 0.013258
117 97 0.0289117 0.00884707
117 102 0.0235353 0.00740191
117 107 0.0188193 0.00741302
117 112 0.0140065 0.007993
117 117 0.00884812 0.00863068
117 122 0.00337591 0.00903787

122 2 0.220371 -0.620313
122 7 1.28206 -0.564198
122 12 2.17958 -0.438238
122 17 2.80683 -0.265808
122 22 3.11027 -0.0795995
122 27 3.09481 0.0868706
122 32 2.82206 0.208091
122 37 2.38422 0.272952
122 42 1.8816 0.285341
122 47 1.39491 0.259164
122 52 0.977361 0.211975
122 57 0.650799 0.158993
122 62 0.415331 0.110659
122 67 0.256894 0.0719816
122 72 0.157023 0.0440637
122 77 0.0975104 0.0255512
122 82 0.0637779 0.0142308
122 87 0.0451945 0.00784028
122 92 0.0348243 0.00457342
122 97 0.0284119 0.00313639
122 102 0.0235617 0.00269797
122 107 0.0190178 0.00274768
122 112 0.0142173 0.00298471
122 117 0.00899847 0.00323149
122 122 0.00343469 0.00338699

