2 2 -1.97856 108.603
2 7 20.2251 123.632
2 12 33.9521 119.422
2 17 40.4198 97.3247
2 22 42.0278 65.9974
2 27 46.962 30.2289
2 32 54.8328 -2.73965
2 37 57.7515 -26.6905
2 42 56.0179 -40.3503
2 47 51.0351 -47.0076
2 52 49.0972 -50.9807
2 57 44.0939 -49.9295
2 62 37.0952 -45.1739
2 67 34.3249 -41.775
2 72 29.3432 -36.7141
2 77 25.3717 -31.5437
2 82 22.4585 -27.0195
2 87 19.3213 -22.0818
2 92 16.2037 -19.2093
2 97 14.1771 -15.8889
2 102 12.0784 -13.1936
2 107 9.8376 -10.4326
2 112 7.68347 -7.77055
2 117 4.29116 -10.0636
2 122 -6.31138 0.756556

7 2 4.01179 134.84
7 7 32.6169 141.167
7 12 52.8447 136.134
7 17 69.7757 109.216
7 22 79.0695 70.1856
7 27 78.823 30.8918
7 32 74.0329 -2.7896
7 37 68.4014 -28.2101
7 42 60.8781 -44.1009
7 47 53.7645 -51.884
7 52 48.4629 -54.2085
7 57 45.4895 -54.3087
7 62 41.4835 -51.518
7 67 35.5255 -45.8523
7 72 31.5514 -41.109
7 77 27.1447 -35.7554
7 82 23.1382 -30.27
7 87 20.1602 -26.052
7 92 16.7853 -21.6644
7 97 14.5152 -18.2314
7 102 12.0379 -14.8939
7 107 10.0804 -12.128
7 112 7.97146 -10.2034
7 117 3.93261 -14.0252
7 122 -0.444736 -18.8116

12 2 6.71222 164.114
12 7 45.9264 172.432
12 12 78.8564 159.433
12 17 104.223 122.545
12 22 114.232 72.9003
12 27 110.641 24.4606
12 32 99.1688 -13.2466
12 37 85.4219 -38.3394
12 42 72.2734 -52.7287
12 47 61.8633 -60.1663
12 52 53.093 -61.856
12 57 44.4839 -58.8849
12 62 38.6946 -54.9789
12 67 34.9677 -50.6451
12 72 31.15 -45.0982
12 77 27.5698 -39.5911
12 82 23.8365 -34.765
12 87 20.5398 -29.2332
12 92 17.6426 -24.5822
12 97 15.0499 -20.6284
12 102 12.5666 -17.0134
12 107 10.5961 -14.0536
12 112 7.51005 -14.2371
12 117 4.43428 -17.2221
12 122 1.36934 -21.7036

17 2 10.2924 206.557
17 7 60.8647 216.337
17 12 109.201 195.233
17 17 147.619 145.422
17 22 160.106 75.6326
17 27 148.57 12.1287
17 32 125.43 -30.9957
17 37 102.976 -55.8314
17 42 83.9298 -67.6309
17 47 67.9333 -70.7311
17 52 56.4008 -69.8761
17 57 48.5045 -66.7651
17 62 41.887 -61.5512
17 67 35.8502 -55.45
17 72 30.2426 -48.9347
17 77 26.0698 -42.6304
17 82 23.3364 -37.2334
17 87 20.1896 -31.9996
17 92 17.9755 -27.474
17 97 15.3096 -23.0267
17 102 13.0892 -19.2609
17 107 10.8621 -16.2636
17 112 7.61116 -17.5642
17 117 4.60763 -20.204
17 122 1.71243 -24.5347

22 2 12.6007 263.554
22 7 75.4175 274.977
22 12 144.516 252.988
22 17 211.506 183.204
22 22 231.883 68.0257
22 27 192.978 -20.3086
22 32 148.908 -62.6342
22 37 115.993 -80.5054
22 42 91.4758 -86.0706
22 47 73.1664 -85.3567
22 52 60.1427 -81.0755
22 57 50.7028 -75.1994
22 62 42.5566 -68.1856
22 67 35.5875 -60.526
22 72 30.9373 -53.6579
22 77 27.1899 -46.7981
22 82 22.9191 -40.6292
22 87 19.7418 -34.815
22 92 17.0161 -29.68
22 97 14.8854 -25.2337
22 102 12.9664 -21.2697
22 107 10.4992 -19.4679
22 112 7.4915 -20.7015
22 117 4.70599 -23.1035
22 122 1.76515 -27.4908

27 2 13.1491 330.496
27 7 84.618 348.45
27 12 174.408 341.579
27 17 310.522 279.25
27 22 361.362 11.4418
27 27 232.254 -88.9123
27 32 162.413 -108.95
27 37 122.182 -112.312
27 42 93.967 -108.177
27 47 73.2012 -101.097
27 52 57.975 -93.4347
27 57 45.446 -84.4504
27 62 36.398 -75.1393
27 67 30.8692 -66.6336
27 72 26.3068 -58.2712
27 77 22.5723 -50.4369
27 82 19.9584 -43.6762
27 87 18.1472 -37.7016
27 92 16.335 -32.2706
27 97 14.2176 -27.2773
27 102 12.3705 -23.2272
27 107 9.71385 -22.2143
27 112 7.15343 -23.3946
27 117 4.55209 -25.8869
27 122 1.7099 -30.4303

32 2 11.6321 397.968
32 7 80.6221 424.487
32 12 167.374 452.11
32 17 299.332 523.098
32 22 336.308 -278.811
32 27 214.657 -188.343
32 32 140.37 -165.309
32 37 96.0025 -148.582
32 42 69.0235 -132.775
32 47 51.6438 -118.734
32 52 39.4154 -105.027
32 57 30.9071 -92.3762
32 62 25.4246 -81.1421
32 67 21.4486 -70.8991
32 72 18.1067 -61.4576
32 77 15.7717 -53.3668
32 82 14.1662 -45.8726
32 87 12.4903 -39.2608
32 92 11.227 -33.5332
32 97 10.3214 -28.6314
32 102 8.97273 -25.1489
32 107 6.8793 -24.2961
32 112 5.00718 -25.4895
32 117 3.10541 -28.3315
32 122 0.95284 -33.1147

37 2 11.1405 459.057
37 7 65.3277 488.586
37 12 121.899 531.862
37 17 162.74 597.817
37 22 155.437 -333.47
37 27 126.721 -255.14
37 32 90.1293 -208.265
37 37 63.1216 -176.069
37 42 44.8786 -151.39
37 47 32.4253 -130.867
37 52 24.0681 -113.19
37 57 18.9635 -98.3292
37 62 15.1643 -84.9116
37 67 13.0006 -73.6462
37 72 11.1969 -63.433
37 77 10.1733 -54.9526
37 82 9.12191 -46.9417
37 87 8.61047 -40.3822
37 92 7.95135 -34.5063
37 97 7.28945 -29.4011
37 102 6.15471 -26.8516
37 107 4.74589 -26.0297
37 112 3.20806 -27.3598
37 117 1.4523 -30.4046
37 122 -0.28321 -34.4889

42 2 7.89945 505.677
42 7 34.3252 527.446
42 12 45.6599 557.299
42 17 61.1521 609.266
42 22 65.5325 -338.119
42 27 55.4772 -279.597
42 32 41.1277 -230.852
42 37 28.0382 -192.756
42 42 18.3914 -162.72
42 47 12.1874 -138.418
42 52 8.23585 -118.038
42 57 6.12168 -101.181
42 62 5.11827 -86.9517
42 67 4.53514 -74.6208
42 72 4.55576 -64.2698
42 77 4.3567 -55.1337
42 82 4.59528 -47.4016
42 87 4.57515 -40.5883
42 92 4.6282 -34.7677
42 97 4.46978 -29.962
42 102 3.7997 -27.8381
42 107 2.70502 -27.4195
42 112 1.39866 -28.8712
42 117 -0.00374337 -32.1312
42 122 -0.00623479 -33.9923

47 2 -0.221035 519.837
47 7 4.02807 535.589
47 12 8.51826 569.04
47 17 13.016 615.861
47 22 12.904 -340.366
47 27 7.59076 -287.881
47 32 0.672936 -240.007
47 37 -4.70492 -199.966
47 42 -7.26686 -167.317
47 47 -7.88906 -140.877
47 52 -7.46256 -119.207
47 57 -6.44455 -101.318
47 62 -4.895 -86.6038
47 67 -3.44748 -74.1732
47 72 -2.26239 -63.5017
47 77 -0.942327 -54.6436
47 82 -0.108378 -46.8032
47 87 0.855565 -40.2545
47 92 1.46766 -34.4767
47 97 1.69542 -30.4348
47 102 1.34438 -28.4936
47 107 0.787177 -28.4136
47 112 -0.187467 -30.1122
47 117 -0.732819 -32.4876
47 122 -0.262833 -33.729

52 2 -1.83823 515.784
52 7 -11.7556 533.935
52 12 -20.5578 567.2
52 17 -26.8878 613.586
52 22 -31.7177 -343.745
52 27 -33.0972 -290.968
52 32 -32.8027 -242.435
52 37 -30.604 -200.941
52 42 -27.1801 -166.968
52 47 -23.8745 -139.426
52 52 -20.8807 -117.09
52 57 -17.7887 -98.9422
52 62 -14.6324 -84.0663
52 67 -11.4382 -71.8499
52 72 -8.5382 -61.6757
52 77 -6.38862 -52.8467
52 82 -4.2858 -45.529
52 87 -2.73743 -39.1332
52 92 -1.49583 -33.6918
52 97 -0.983852 -30.4244
52 102 -0.812225 -28.7351
52 107 -1.0969 -29.0252
52 112 -1.64827 -30.8994
52 117 -1.14645 -31.9093
52 122 -0.483695 -33.2718

57 2 -5.09589 498.691
57 7 -30.1741 517.202
57 12 -51.1846 554.125
57 17 -68.2716 604.791
57 22 -75.8076 -347.557
57 27 -75.0399 -289.069
57 32 -67.8195 -237.386
57 37 -58.2918 -194.675
57 42 -48.3512 -160.737
57 47 -39.6349 -133.674
57 52 -32.2245 -112.035
57 57 -25.8129 -94.7296
57 62 -20.7186 -80.5379
57 67 -16.8386 -68.672
57 72 -13.7492 -58.6401
57 77 -10.8237 -50.3975
57 82 -8.27206 -43.3902
57 87 -6.07503 -37.4338
57 92 -4.31872 -32.5146
57 97 -3.39668 -29.7912
57 102 -2.87326 -28.639
57 107 -2.78396 -29.3386
57 112 -2.48717 -30.4033
57 117 -1.61266 -31.0852
57 122 -0.676923 -32.3194

62 2 -8.09953 465.341
62 7 -49.3647 484.942
62 12 -87.9567 526.61
62 17 -116.809 588.933
62 22 -128.014 -351.019
62 27 -121.367 -280.451
62 32 -103.987 -223.535
62 37 -85.1278 -180.569
62 42 -68.2955 -148.2
62 47 -54.2396 -123.357
62 52 -43.0837 -103.792
62 57 -34.4639 -87.933
62 62 -27.6461 -74.8963
62 67 -21.8502 -64.1803
62 72 -16.992 -55.3081
62 77 -13.3898 -47.6987
62 82 -10.7864 -40.987
62 87 -8.54168 -35.3471
62 92 -6.76052 -31.1583
62 97 -5.55792 -28.8992
62 102 -4.69986 -28.1921
62 107 -4.31418 -29.1506
62 112 -3.21804 -29.4529
62 117 -2.09148 -30.0917
62 122 -0.850341 -31.1264

67 2 -11.6125 415.942
67 7 -69.6433 435.726
67 12 -131.443 479.643
67 17 -184.529 561.262
67 22 -199.823 -350.694
67 27 -174.897 -257.571
67 32 -138.856 -197.394
67 37 -108.256 -158.018
67 42 -84.214 -130.224
67 47 -65.7916 -109.285
67 52 -52.0498 -92.6102
67 57 -41.4126 -79.0665
67 62 -32.7345 -68.0118
67 67 -25.8828 -58.76
67 72 -20.7487 -50.7699
67 77 -16.5992 -43.992
67 82 -12.995 -38.162
67 87 -10.0354 -33.2302
67 92 -8.20125 -29.8017
67 97 -6.914 -27.8607
67 102 -6.1029 -27.5509
67 107 -5.19769 -28.0083
67 112 -3.86866 -28.2795
67 117 -2.54079 -28.843
67 122 -1.00676 -29.6416

72 2 -13.6154 351.533
72 7 -86.6582 364.958
72 12 -175.264 399.275
72 17 -295.046 494.225
72 22 -326.286 -323.162
72 27 -230.751 -201.245
72 32 -165.691 -154.242
72 37 -124.025 -126.68
72 42 -94.561 -107.369
72 47 -73.5912 -92.0391
72 52 -58.1099 -79.4104
72 57 -45.9007 -69.0092
72 62 -36.4565 -60.127
72 67 -29.2338 -52.4011
72 72 -23.3747 -45.7502
72 77 -18.5715 -40.0435
72 82 -14.8607 -34.9391
72 87 -11.9477 -30.5358
72 92 -9.73578 -27.9544
72 97 -7.98388 -26.7145
72 102 -6.90014 -26.8091
72 107 -5.50069 -26.5675
72 112 -4.21801 -26.9093
72 117 -2.77473 -27.3339
72 122 -1.09867 -27.9296

77 2 -13.7078 280.329
77 7 -88.6627 283.795
77 12 -183.643 284.347
77 17 -338.678 253.724
77 22 -403.388 -45.4774
77 27 -244.423 -101.181
77 32 -171.629 -98.9548
77 37 -127.601 -91.0815
77 42 -97.791 -82.2817
77 47 -76.682 -73.5176
77 52 -60.5154 -65.6159
77 57 -48.1912 -58.3238
77 62 -38.7444 -51.6636
77 67 -31.1519 -45.7554
77 72 -25.1895 -40.4678
77 77 -20.8172 -35.6906
77 82 -17.5507 -31.5557
77 87 -15.2347 -28.1098
77 92 -13.7685 -26.2341
77 97 -12.5358 -25.4881
77 102 -11.1077 -25.5407
77 107 -9.109 -25.3192
77 112 -7.12444 -25.3958
77 117 -5.18752 -25.6962
77 122 -3.03596 -26.0025

82 2 -12.4533 212.825
82 7 -76.5932 208.858
82 12 -146.953 189.801
82 17 -218.686 135.571
82 22 -240.167 38.728
82 27 -198.06 -26.6999
82 32 -153.319 -51.1923
82 37 -119.261 -58.357
82 42 -94.1343 -58.5129
82 47 -75.1599 -56.0276
82 52 -61.6956 -52.3963
82 57 -52.7836 -48.5132
82 62 -45.6608 -44.5271
82 67 -38.5233 -40.0219
82 72 -32.0534 -35.5396
82 77 -26.8999 -31.7254
82 82 -22.5329 -28.2052
82 87 -18.8441 -25.2936
82 92 -15.9405 -23.8219
82 97 -13.5602 -23.5805
82 102 -11.3284 -23.1199
82 107 -9.37206 -23.2979
82 112 -7.3252 -23.4127
82 117 -5.17952 -23.5891
82 122 -1.3844 -22.239

87 2 -9.80563 157.018
87 7 -58.4955 151.503
87 12 -105.61 132.045
87 17 -143.717 95.1052
87 22 -158.166 46.1148
87 27 -147.482 4.67676
87 32 -126.935 -20.9302
87 37 -109.086 -34.954
87 42 -94.5567 -41.5985
87 47 -79.2122 -42.52
87 52 -66.3992 -41.3848
87 57 -56.0053 -39.2443
87 62 -46.9303 -36.1495
87 67 -39.505 -33.0492
87 72 -33.0942 -29.8201
87 77 -27.9722 -26.8911
87 82 -23.6941 -24.0472
87 87 -20.1126 -22.1831
87 92 -17.2459 -21.298
87 97 -14.9209 -21.3992
87 102 -12.4692 -20.9772
87 107 -10.2464 -21.1729
87 112 -7.91984 -21.2457
87 117 -4.19092 -19.707
87 122 -1.64858 -19.8249

92 2 -7.21194 115.012
92 7 -42.4238 110.598
92 12 -74.4183 96.0852
92 17 -99.2942 72.1186
92 22 -115.641 41.3759
92 27 -121.332 11.8712
92 32 -111.892 -7.30905
92 37 -99.9243 -20.1584
92 42 -86.642 -26.6828
92 47 -74.5024 -29.8935
92 52 -63.4331 -30.4521
92 57 -54.3639 -29.8579
92 62 -46.5588 -28.4594
92 67 -39.8856 -26.51
92 72 -34.2042 -24.4169
92 77 -29.275 -22.2205
92 82 -24.9853 -20.1741
92 87 -21.551 -18.976
92 92 -18.6511 -18.7097
92 97 -16.0282 -18.7641
92 102 -13.4486 -18.6526
92 107 -11.0397 -18.7656
92 112 -7.3582 -17.4233
92 117 -4.52245 -16.9972
92 122 -1.74091 -17.1684

97 2 -5.20837 84.6499
97 7 -31.0987 81.3471
97 12 -62.0069 67.664
97 17 -84.1591 50.5222
97 22 -92.5612 32.6469
97 27 -91.6629 15.8604
97 32 -85.2247 1.9139
97 37 -76.7354 -8.3457
97 42 -68.9778 -15.4326
97 47 -61.4382 -19.698
97 52 -53.9378 -21.6926
97 57 -47.171 -22.1347
97 62 -41.1872 -21.8037
97 67 -35.8229 -20.9268
97 72 -31.1261 -19.6281
97 77 -27.0606 -18.1202
97 82 -23.4746 -16.6288
97 87 -20.3761 -16.0812
97 92 -17.6316 -16.356
97 97 -14.9546 -16.1858
97 102 -12.4495 -16.3604
97 107 -8.8769 -14.9124
97 112 -6.41143 -14.741
97 117 -3.76144 -14.242
97 122 -1.11331 -14.3125

102 2 -5.57249 59.4054
102 7 -24.0443 56.4436
102 12 -41.8887 49.3762
102 17 -55.9615 39.3421
102 22 -63.5472 28.1549
102 27 -68.2562 15.9007
102 32 -69.1089 5.16376
102 37 -66.4603 -3.17009
102 42 -62.0764 -9.3102
102 47 -56.6036 -13.0523
102 52 -50.9114 -15.3367
102 57 -45.4909 -16.3682
102 62 -40.3424 -16.4863
102 67 -35.499 -16.0871
102 72 -31.2274 -15.2654
102 77 -27.347 -14.3014
102 82 -23.8462 -13.3826
102 87 -20.9265 -13.3438
102 92 -18.4072 -13.8604
102 97 -15.6896 -13.6463
102 102 -11.9177 -12.3877
102 107 -9.48695 -12.3984
102 112 -6.66655 -11.882
102 117 -3.87424 -11.5784
102 122 -1.67634 -12.2849

107 2 -2.99942 40.7438
107 7 -18.0051 39.2932
107 12 -31.2993 35.8155
107 17 -43.9689 28.7647
107 22 -51.8612 21.0637
107 27 -56.7329 12.8347
107 32 -58.3132 5.54244
107 37 -57.6306 -0.494751
107 42 -55.0056 -5.12179
107 47 -51.4707 -8.34807
107 52 -47.3207 -10.3867
107 57 -42.9449 -11.5337
107 62 -38.7011 -11.9196
107 67 -34.5662 -11.8354
107 72 -30.7685 -11.3616
107 77 -27.1802 -10.7664
107 82 -23.9624 -10.3383
107 87 -21.2143 -10.6729
107 92 -18.5251 -11.1125
107 97 -14.9778 -9.94827
107 102 -12.3087 -9.95353
107 107 -9.47622 -9.60169
107 112 -6.58696 -8.96384
107 117 -4.23969 -9.36136
107 122 -1.63555 -9.55466

112 2 -2.40297 27.3325
112 7 -14.9792 26.3661
112 12 -26.1047 23.7917
112 17 -35.7591 19.721
112 22 -43.2501 14.7069
112 27 -47.9396 9.55281
112 32 -50.4831 4.72273
112 37 -50.7929 0.598966
112 42 -49.6043 -2.63162
112 47 -47.1905 -4.99927
112 52 -44.1541 -6.63408
112 57 -40.7034 -7.58864
112 62 -37.0843 -8.04188
112 67 -33.538 -8.0786
112 72 -30.1212 -7.85866
112 77 -26.873 -7.50978
112 82 -23.9173 -7.4859
112 87 -21.2032 -8.05446
112 92 -17.9606 -7.55254
112 97 -15.0209 -7.25975
112 102 -12.2079 -7.14346
112 107 -9.36891 -6.70362
112 112 -6.75986 -6.48336
112 117 -4.36361 -6.90022
112 122 -1.61529 -6.83284

117 2 -2.10166 15.7186
117 7 -12.5571 15.2993
117 12 -22.5011 13.7662
117 17 -31.0201 11.5452
117 22 -37.7361 8.84752
117 27 -42.4563 5.93982
117 32 -45.2074 3.16953
117 37 -46.1402 0.760792
117 42 -45.6707 -1.18982
117 47 -44.1158 -2.63686
117 52 -41.7283 -3.69922
117 57 -38.9316 -4.31651
117 62 -35.8071 -4.67735
117 67 -32.674 -4.75826
117 72 -29.5601 -4.68152
117 77 -26.6029 -4.48621
117 82 -23.7724 -4.73701
117 87 -20.833 -5.06583
117 92 -17.5334 -4.30996
117 97 -14.8793 -4.46543
117 102 -12.0377 -4.30627
117 107 -9.32926 -4.01344
117 112 -6.89598 -4.15319
117 117 -4.22694 -4.14311
117 122 -1.59477 -4.18057

122 2 -1.93657 5.71104
122 7 -11.5782 5.50346
122 12 -20.5525 5.004
122 17 -28.3126 4.29487
122 22 -34.6051 3.26685
122 27 -39.2159 2.20193
122 32 -42.0902 1.28319
122 37 -43.3058 0.371213
122 42 -43.1925 -0.369432
122 47 -42.0624 -0.869936
122 52 -40.1207 -1.27342
122 57 -37.6838 -1.54018
122 62 -34.934 -1.67298
122 67 -31.9852 -1.74678
122 72 -29.0817 -1.71542
122 77 -26.2138 -1.62832
122 82 -23.4097 -1.87635
122 87 -20.2108 -1.79014
122 92 -17.408 -1.71353
122 97 -14.6026 -1.6727
122 102 -11.8408 -1.50968
122 107 -9.29956 -1.50357
122 112 -6.77252 -1.58409
122 117 -4.16871 -1.53943
122 122 -1.56724 -1.55357

