2 2 -0.501548 -286.919
2 7 -2.9391 -272.459
2 12 -5.04411 -238.85
2 17 -6.4685 -190.288
2 22 -6.93162 -133.744
2 27 -6.44289 -77.44
2 32 -5.32845 -28.1109
2 37 -4.0081 10.806
2 42 -2.78299 38.969
2 47 -1.78741 57.8345
2 52 -1.04132 69.4539
2 57 -0.512255 75.7909
2 62 -0.15354 78.4615
2 67 0.0786355 78.698
2 72 0.219808 77.4006
2 77 0.296906 75.2097
2 82 0.329613 72.573
2 87 0.332046 69.7982
2 92 0.314281 67.0933
2 97 0.283707 64.5945
2 102 0.246578 62.3822
2 107 0.211528 60.4795
2 112 0.206724 58.7808
2 117 0.448086 56.4676
2 122 7.87752 41.5641

7 2 -2.88684 -295.6
7 7 -16.9653 -280.546
7 12 -29.2686 -245.233
7 17 -37.6708 -193.686
7 22 -40.2846 -133.529
7 27 -37.1229 -74.3087
7 32 -30.3278 -23.59
7 37 -22.5292 15.364
7 42 -15.466 42.84
7 47 -9.82515 60.8141
7 52 -5.6479 71.6077
7 57 -2.71003 77.2769
7 62 -0.730471 79.4432
7 67 0.543355 79.3134
7 72 1.31228 77.7562
7 77 1.72687 75.3844
7 82 1.89653 72.6233
7 87 1.89941 69.7646
7 92 1.79104 67.0047
7 97 1.61167 64.4727
7 102 1.39376 62.2483
7 107 1.17477 60.3703
7 112 1.03834 58.8375
7 117 1.28362 57.6787
7 122 2.41647 58.0756

12 2 -5.23397 -315.806
12 7 -31.014 -299.669
12 12 -54.3681 -260.751
12 17 -70.8686 -201.953
12 22 -75.4763 -132.445
12 27 -67.9444 -65.9409
12 32 -53.7452 -12.3053
12 37 -38.6971 26.1927
12 42 -25.8461 51.7176
12 47 -15.9892 67.4867
12 52 -8.88326 76.3547
12 57 -3.9768 80.5147
12 62 -0.717543 81.5617
12 67 1.35089 80.6273
12 72 2.5768 78.5033
12 77 3.21569 75.738
12 82 3.45085 72.7077
12 87 3.4121 69.6675
12 92 3.19088 66.7884
12 97 2.85215 64.183
12 102 2.4443 61.9237
12 107 2.00918 60.0582
12 112 1.59232 58.6311
12 117 1.22454 57.7389
12 122 0.714246 57.5461

17 2 -7.6889 -348.104
17 7 -46.3259 -331.366
17 12 -84.1772 -288.358
17 17 -113.63 -217.103
17 22 -120.625 -128.537
17 27 -103.45 -48.578
17 32 -77.0375 8.20479
17 37 -52.6629 44.1266
17 42 -33.6877 65.5412
17 47 -19.9581 77.4741
17 52 -10.4194 83.2779
17 57 -3.99803 85.1485
17 62 0.180062 84.5427
17 67 2.77339 82.4391
17 72 4.26127 79.4996
17 77 4.98624 76.1724
17 82 5.19027 72.7594
17 87 5.04295 69.4625
17 92 4.66249 66.4147
17 97 4.13121 63.703
17 102 3.50682 61.3837
17 107 2.83016 59.4955
17 112 2.12667 58.0718
17 117 1.39292 57.1472
17 122 0.5756 56.7251

22 2 -9.84596 -392.32
22 7 -60.9084 -377.674
22 12 -118.491 -335.341
22 17 -175.837 -247.079
22 22 -188.023 -115.251
22 27 -144.457 -12.7465
22 32 -97.1388 41.938
22 37 -61.823 69.8442
22 42 -37.3389 83.8441
22 47 -20.7281 90.0825
22 52 -9.63159 91.7508
22 57 -2.36993 90.685
22 62 2.23181 88.0194
22 67 4.99476 84.4838
22 72 6.49299 80.5572
22 77 7.1274 76.5555
22 82 7.17721 72.6867
22 87 6.83609 69.0858
22 92 6.23764 65.8393
22 97 5.47344 63.0013
22 102 4.60553 60.6052
22 107 3.67453 58.6726
22 112 2.70339 57.2181
22 117 1.69788 56.2496
22 122 0.653121 55.7591

27 2 -10.7711 -444.868
27 7 -68.3767 -437.498
27 12 -144.973 -413.481
27 17 -271.33 -333.601
27 22 -312.61 -51.889
27 27 -178.388 60.835
27 32 -105.202 90.9709
27 37 -62.1195 101.914
27 42 -34.9706 105
27 47 -17.4184 104.039
27 52 -6.0581 100.851
27 57 1.16874 96.4691
27 62 5.5942 91.5303
27 67 8.11212 86.4377
27 72 9.33322 81.4496
27 77 9.67791 76.7299
27 82 9.43599 72.3806
27 87 8.80669 68.4629
27 92 7.92609 65.0113
27 97 6.88622 62.0439
27 102 5.74815 59.5685
27 107 4.55086 57.5875
27 112 3.31699 56.1
27 117 2.05753 55.1022
27 122 0.77819 54.5859

32 2 -9.87822 502.367
32 7 -62.844 499.505
32 12 -134.061 488.278
32 17 -255.252 432.333
32 22 -281.935 246.177
32 27 -157.894 164.574
32 32 -90.3629 145.606
32 37 -50.5951 134.993
32 42 -25.6525 126.031
32 47 -9.70638 117.559
32 52 0.416581 109.44
32 57 6.65586 101.747
32 62 10.274 94.5636
32 67 12.1195 87.9495
32 72 12.771 81.9349
32 77 12.6255 76.529
32 82 11.9547 71.7271
32 87 10.9441 67.516
32 92 9.71889 63.8788
32 97 8.36265 60.7975
32 102 6.92956 58.2544
32 107 5.45335 56.234
32 112 3.95344 54.7224
32 117 2.43983 53.7081
32 122 0.917758 53.1809

37 2 -6.9125 459.684
37 7 -42.9442 450.405
37 12 -83.998 423.105
37 17 -122.993 364.455
37 22 -127.102 296.055
37 27 -93.7184 227.433
37 32 -56.5591 187.557
37 37 -28.9525 162.221
37 42 -10.2428 143.655
37 47 1.91428 128.803
37 52 9.47756 116.385
37 57 13.8757 105.778
37 62 16.1168 96.6226
37 67 16.9037 88.6811
37 72 16.7224 81.782
37 77 15.9073 75.7951
37 82 14.6861 70.619
37 87 13.2127 66.1734
37 92 11.5894 62.3948
37 97 9.88283 59.2325
37 102 8.13459 56.6463
37 107 6.36915 54.6048
37 112 4.5992 53.0836
37 117 2.82982 52.0645
37 122 1.0618 51.5347

42 2 -3.39457 433.849
42 7 -20.5914 422.926
42 12 -37.5745 395.263
42 17 -49.3054 350.362
42 22 -48.5433 306.473
42 27 -35.5841 253.939
42 32 -17.6989 212.056
42 37 -2.12497 180.274
42 42 9.10141 155.783
42 47 16.3215 136.421
42 52 20.4588 120.785
42 57 22.3963 107.953
42 62 22.8273 97.2909
42 67 22.2566 88.3482
42 72 21.0383 80.7972
42 77 19.4154 74.3972
42 82 17.5517 68.9688
42 87 15.5553 64.3777
42 92 13.4958 60.5227
42 97 11.4161 57.327
42 102 9.34055 54.7325
42 107 7.28102 52.6952
42 112 5.24069 51.1827
42 117 3.21731 50.1715
42 122 1.20537 49.6462

47 2 -0.0707524 425.316
47 7 -0.49754 414.29
47 12 -0.815198 388.083
47 17 0.404153 349.149
47 22 4.66732 312.419
47 27 11.6805 265.774
47 32 19.5814 224.103
47 37 26.0639 189.556
47 42 30.2334 161.817
47 47 32.2214 139.729
47 52 32.5243 122.082
47 57 31.6516 107.859
47 62 30.0116 96.2779
47 67 27.9001 86.7505
47 72 25.5205 78.8452
47 77 23.008 72.2453
47 82 20.4494 66.7181
47 87 17.8981 62.0924
47 92 15.3846 58.2413
47 97 12.9237 55.0703
47 102 10.5195 52.5094
47 107 8.16877 50.5063
47 112 5.86368 49.0233
47 117 3.59325 48.0336
47 122 1.34474 47.52

52 2 3.00648 432.707
52 7 17.6862 421.215
52 12 30.8731 394.308
52 17 41.4579 355.074
52 22 48.9985 318.292
52 27 53.4838 271.013
52 32 54.9012 227.794
52 37 54.0278 191.325
52 42 51.6679 161.875
52 47 48.4547 138.518
52 52 44.817 120.028
52 57 41.0214 105.296
52 62 37.2252 93.4388
52 67 33.5168 83.7904
52 72 29.9425 75.8629
52 77 26.5231 69.3008
52 82 23.2633 63.8453
52 87 20.158 59.3072
52 92 17.1962 55.5479
52 97 14.3629 52.4651
52 102 11.6407 49.9831
52 107 9.01073 48.0465
52 112 6.45348 46.6151
52 117 3.94884 45.6609
52 122 1.47658 45.166

57 2 6.06835 455.31
57 7 35.7936 442.535
57 12 62.4608 412.165
57 17 82.3778 367.117
57 22 93.1047 324.786
57 27 94.9002 271.399
57 32 89.6415 224.317
57 37 81.2837 186.06
57 42 72.3675 156.08
57 47 64.0021 132.793
57 52 56.5084 114.612
57 57 49.8815 100.259
57 62 44.0135 88.7783
57 67 38.7807 79.4792
57 72 34.072 71.8655
57 77 29.7952 65.5808
57 82 25.8752 60.3678
57 87 22.2505 56.0399
57 92 18.87 52.4603
57 97 15.6902 49.5285
57 102 12.6733 47.1705
57 107 9.7854 45.3321
57 112 6.99579 43.974
57 117 4.27569 43.0691
57 122 1.59777 42.5998

62 2 9.29487 493.601
62 7 55.3457 479.247
62 12 98.3056 443.291
62 17 130.753 386.119
62 22 144.699 331.012
62 27 140.364 264.899
62 32 124.806 212.205
62 37 107.149 173.176
62 42 91.214 144.375
62 47 77.8311 122.709
62 52 66.7868 106.035
62 57 57.6338 92.9318
62 62 49.9478 82.4482
62 67 43.3874 73.9363
62 72 37.6933 66.9454
62 77 32.6715 61.1569
62 82 28.1765 56.3423
62 87 24.098 52.3356
62 92 20.3505 49.0154
62 97 16.866 46.2919
62 102 13.5891 44.0988
62 107 10.4732 42.3875
62 112 7.47762 41.1224
62 117 4.56626 40.279
62 122 1.70556 39.8415

67 2 12.5057 548.253
67 7 75.8965 533.941
67 12 141.223 493.973
67 17 197.864 416.764
67 22 216.003 333.107
67 27 193.385 244.004
67 32 159.094 187.505
67 37 129.592 151.584
67 42 106.579 126.873
67 47 88.7967 108.717
67 52 74.8715 94.7602
67 57 63.7465 83.6987
67 62 54.6628 74.7427
67 67 47.084 67.3805
67 72 40.6295 61.2644
67 77 35.027 56.1493
67 82 30.0783 51.8588
67 87 25.637 48.2634
67 92 21.5921 45.2674
67 97 17.8576 42.7989
67 102 14.365 40.8043
67 107 11.0578 39.2437
67 112 7.88827 38.0879
67 117 4.81432 37.3162
67 122 1.79767 36.9156

72 2 14.8501 617.457
72 7 92.1547 608.032
72 12 184.504 578.234
72 17 307.989 486.946
72 22 341.486 308.47
72 27 248.644 189.783
72 32 185.344 145.888
72 37 144.588 121.452
72 42 116.383 104.629
72 47 95.781 91.8276
72 52 80.1194 81.5782
72 57 67.8246 73.1402
72 62 57.9031 66.0788
72 67 49.6984 60.1105
72 72 42.7615 55.0372
72 77 36.7777 50.714
72 82 31.5206 47.0326
72 87 26.8241 43.9102
72 92 22.5634 41.2832
72 97 18.6422 39.1025
72 102 14.9844 37.3302
72 107 11.5278 35.9373
72 112 8.22008 34.9024
72 117 5.01542 34.21
72 122 1.87247 33.85

77 2 15.1482 -306.221
77 7 94.3881 -306.329
77 12 192.269 -303.479
77 17 351.175 -269.616
77 22 418.301 32.9617
77 27 261.85 91.6351
77 32 190.382 92.3624
77 37 147.825 86.8563
77 42 119.028 80.2493
77 47 98.1174 73.7011
77 52 82.2153 67.5726
77 57 69.6984 61.9814
77 62 59.5658 56.9524
77 67 51.1623 52.4715
77 72 44.0412 48.5083
77 77 37.8883 45.0274
77 82 32.4768 41.9931
77 87 27.6393 39.3726
77 92 23.2492 37.1369
77 97 19.2084 35.2609
77 102 15.439 33.7235
77 107 11.8771 32.5079
77 112 8.46887 31.6006
77 117 5.16709 30.9917
77 122 1.92906 30.6745

82 2 13.3308 -234.096
82 7 81.5422 -227.464
82 12 155.681 -205.383
82 17 230.546 -148.17
82 22 254.823 -48.7028
82 27 214.914 19.1896
82 32 171.947 45.9432
82 37 139.203 55.1443
82 42 114.738 57.2553
82 47 96.026 56.2777
82 52 81.3227 53.9152
82 57 69.4786 50.9747
82 62 59.7219 47.8672
82 67 51.5198 44.8109
82 72 44.4949 41.9233
82 77 38.3741 39.2663
82 82 32.9555 36.8704
82 87 28.0869 34.7485
82 92 23.6513 32.9037
82 97 19.5566 31.3334
82 102 15.7284 30.0328
82 107 12.1051 28.9962
82 112 8.63409 28.218
82 117 5.26893 27.6937
82 122 1.96726 27.42

87 2 10.5696 -174.178
87 7 63.292 -166.166
87 12 114.15 -144.27
87 17 155.411 -104.877
87 22 172.714 -53.8337
87 27 164.039 -10.217
87 32 144.179 16.9
87 37 123.64 31.3521
87 42 105.665 38.3206
87 47 90.6028 41.1084
87 52 78.0562 41.5722
87 57 67.5312 40.7542
87 62 58.5981 39.2554
87 67 50.9146 37.4321
87 72 44.2153 35.4998
87 77 38.2953 33.5901
87 82 32.9959 31.7835
87 87 28.1927 30.1286
87 92 23.7867 28.6542
87 97 19.6979 27.3767
87 102 15.8598 26.3045
87 107 12.2164 25.4416
87 112 8.71854 24.7894
87 117 5.32245 24.3479
87 122 1.98762 24.1169

92 2 7.97744 -128.063
92 7 47.1753 -121.39
92 12 82.8708 -104.866
92 17 110.395 -79.1045
92 22 124.851 -48.3492
92 27 125.781 -19.8174
92 32 117.922 1.68855
92 37 106.483 15.8181
92 42 94.5214 24.2888
92 47 83.322 28.9275
92 52 73.2695 31.101
92 57 64.3756 31.7308
92 62 56.5221 31.4196
92 67 49.559 30.5593
92 72 43.3424 29.4057
92 77 37.7457 28.1262
92 82 32.6615 26.8303
92 87 27.9997 25.5894
92 92 23.6847 24.4498
92 97 19.6522 23.4407
92 102 15.8467 22.5806
92 107 12.2198 21.8806
92 112 8.72783 21.3474
92 117 5.33082 20.9846
92 122 1.99125 20.7942

97 2 5.96979 -93.5241
97 7 35.1379 -88.6727
97 12 61.2709 -77.1843
97 17 81.6319 -60.2418
97 22 94.088 -40.4483
97 27 98.4224 -21.2428
97 32 96.4717 -5.25458
97 37 90.7743 6.59548
97 42 83.3688 14.6482
97 47 75.4987 19.7209
97 52 67.8013 22.6383
97 57 60.5556 24.0697
97 62 53.8528 24.5127
97 67 47.6937 24.3225
97 72 42.0397 23.748
97 77 36.8372 22.9617
97 82 32.0295 22.0819
97 87 27.5616 21.1895
97 92 23.3825 20.339
97 97 19.4453 19.5669
97 102 15.7068 18.8972
97 107 12.1274 18.3454
97 112 8.66962 17.9215
97 117 5.29834 17.6314
97 122 1.9797 17.4786

102 2 4.53831 -67.5297
102 7 26.7017 -64.2032
102 12 46.6181 -56.468
102 17 62.5769 -45.278
102 22 73.4115 -32.2161
102 27 78.9246 -19.1501
102 32 79.8991 -7.61268
102 37 77.6227 1.60251
102 42 73.3526 8.39109
102 47 68.0426 13.0513
102 52 62.3164 16.0223
102 57 56.5424 17.7353
102 62 50.9213 18.5539
102 67 45.5513 18.7621
102 72 40.4709 18.5731
102 77 35.6854 18.1421
102 82 31.1814 17.5806
102 87 26.9359 16.9672
102 92 22.9207 16.3566
102 97 19.1058 15.7867
102 102 15.4601 15.283
102 107 11.9526 14.8627
102 112 8.55268 14.5369
102 117 5.23004 14.3126
102 122 1.95478 14.1941

107 2 3.55473 -47.501
107 7 20.9435 -45.3037
107 12 36.7243 -40.2257
107 17 49.7502 -32.912
107 22 59.2637 -24.3224
107 27 65.0584 -15.536
107 32 67.4697 -7.47733
107 37 67.177 -0.721271
107 42 64.95 4.53013
107 47 61.4704 8.34645
107 52 57.2614 10.9395
107 57 52.6896 12.5646
107 62 47.9959 13.4649
107 67 43.3305 13.8469
107 72 38.7816 13.8752
107 77 34.3962 13.6757
107 82 30.1941 13.3418
107 87 26.178 12.9415
107 92 22.3393 12.5233
107 97 18.6622 12.1215
107 102 15.1265 11.7596
107 107 11.7093 11.4537
107 112 8.38601 11.2146
107 117 5.13105 11.0491
107 122 1.91834 10.9614

112 2 2.89595 -31.5212
112 7 17.0931 -30.1436
112 12 30.116 -26.9637
112 17 41.1416 -22.379
112 22 49.6154 -16.9549
112 27 55.3281 -11.3161
112 32 58.408 -6.01344
112 37 59.2267 -1.42542
112 42 58.2684 2.2693
112 47 56.0179 5.05776
112 52 52.895 7.03198
112 57 49.2306 8.33232
112 62 45.2694 9.10807
112 67 41.1836 9.49566
112 72 37.0885 9.60952
112 77 33.0574 9.5406
112 82 29.1329 9.35848
112 87 25.3363 9.11491
112 92 21.6735 8.84761
112 97 18.14 8.58349
112 102 14.7243 8.34149
112 107 11.4102 8.13463
112 112 8.17798 7.97172
112 117 5.00622 7.85844
112 122 1.87213 7.79822

117 2 2.47259 -18.2083
117 7 14.6169 -17.4453
117 12 25.8532 -15.6833
117 17 35.5434 -13.1371
117 22 43.2429 -10.1069
117 27 48.7469 -6.92272
117 32 52.0862 -3.88135
117 37 53.4774 -1.19833
117 42 53.2459 1.0101
117 47 51.7524 2.7164
117 52 49.3387 3.9554
117 57 46.2978 4.7958
117 62 42.8638 5.31772
117 67 39.2136 5.59852
117 72 35.4746 5.70562
117 77 31.7339 5.69412
117 82 28.0476 5.60707
117 87 24.4482 5.47704
117 92 20.9513 5.32807
117 97 17.56 5.17751
117 102 14.2687 5.03766
117 107 11.0659 4.91708
117 112 7.93566 4.82157
117 117 4.85965 4.75492
117 122 1.81766 4.71941

122 2 2.22715 -6.54427
122 7 13.1781 -6.27622
122 12 23.3608 -5.657
122 17 32.2319 -4.76076
122 22 39.4037 -3.69062
122 27 44.6785 -2.55982
122 32 48.0478 -1.47128
122 37 49.6589 -0.501707
122 42 49.7616 0.30507
122 47 48.6515 0.935734
122 52 46.6245 1.39946
122 57 43.9466 1.71853
122 62 40.8395 1.92044
122 67 37.4769 2.03258
122 72 33.9885 2.07934
122 77 30.4658 2.08095
122 82 26.97 2.05342
122 87 23.5389 2.00894
122 92 20.1922 1.95661
122 97 16.9369 1.903
122 102 13.7705 1.85282
122 107 10.6842 1.80933
122 112 7.66435 1.77477
122 117 4.69445 1.75061
122 122 1.75605 1.73772

