2 2 0.540522 284.458
2 7 3.13425 270.356
2 12 5.36088 237.049
2 17 6.92392 188.832
2 22 7.47677 132.612
2 27 7.04746 76.5904
2 32 5.98445 27.5416
2 37 4.68455 -11.1319
2 42 3.43581 -39.1465
2 47 2.42064 -57.8671
2 52 1.73236 -69.149
2 57 1.19877 -75.3159
2 62 0.818905 -77.8267
2 67 0.48207 -78.0253
2 72 0.32878 -76.6567
2 77 0.190631 -74.4207
2 82 0.102853 -71.7624
2 87 0.0423922 -68.9812
2 92 0.00172088 -66.288
2 97 -0.0248873 -63.8166
2 102 -0.0425982 -61.6447
2 107 -0.0600304 -59.7921
2 112 -0.103281 -58.1502
2 117 -0.388009 -55.8987
2 122 -7.85653 -41.0596

7 2 2.92472 293.327
7 7 17.1581 278.585
7 12 29.5828 243.543
7 17 38.1148 192.338
7 22 40.8115 132.467
7 27 37.7151 73.5184
7 32 30.9612 23.051
7 37 23.169 -15.7064
7 42 16.0992 -43.027
7 47 10.5452 -60.7037
7 52 6.34665 -71.3123
7 57 3.39823 -76.8154
7 62 1.36903 -78.8695
7 67 0.0328094 -78.6901
7 72 -0.774876 -77.0642
7 77 -1.24465 -74.6517
7 82 -1.46954 -71.8684
7 87 -1.53019 -69.0052
7 92 -1.47925 -66.2575
7 97 -1.35629 -63.7513
7 102 -1.19324 -61.5643
7 107 -1.02513 -59.7327
7 112 -0.936165 -58.2525
7 117 -1.22477 -57.1508
7 122 -2.39592 -57.6077

12 2 5.26846 313.707
12 7 31.1925 297.838
12 12 54.6832 259.207
12 17 71.2959 200.704
12 22 75.9852 131.457
12 27 68.5158 65.2027
12 32 54.3541 11.7936
12 37 39.3082 -26.5409
12 42 26.5411 -51.8031
12 47 16.6902 -67.3775
12 52 9.57848 -76.0641
12 57 4.64855 -80.0842
12 62 1.32912 -81.0484
12 67 -0.781699 -80.0463
12 72 -2.05116 -77.863
12 77 -2.74271 -75.0586
12 82 -3.03344 -72.0089
12 87 -3.05112 -68.9659
12 92 -2.88665 -66.0981
12 97 -2.60334 -63.5171
12 102 -2.24859 -61.2922
12 107 -1.86355 -59.4694
12 112 -1.4929 -58.091
12 117 -1.16712 -57.2512
12 122 -0.694177 -57.1136

17 2 7.71949 346.164
17 7 46.4962 329.664
17 12 84.4817 286.934
17 17 114.04 215.944
17 22 121.114 127.619
17 27 103.996 47.8876
17 32 77.6095 -8.7052
17 37 53.3146 -44.3871
17 42 34.3645 -65.6131
17 47 20.6477 -77.3594
17 52 11.1019 -82.9969
17 57 4.63398 -84.7708
17 62 0.417829 -84.069
17 67 -2.21902 -81.9027
17 72 -3.75047 -78.9088
17 77 -4.52642 -75.5473
17 82 -4.78439 -72.1163
17 87 -4.69288 -68.817
17 92 -4.36731 -65.7799
17 97 -3.88998 -63.0907
17 102 -3.31738 -60.803
17 107 -2.68921 -58.9542
17 112 -2.03035 -57.5751
17 117 -1.33729 -56.6988
17 122 -0.556124 -56.327

22 2 9.87401 390.521
22 7 61.0846 376.123
22 12 118.788 334.036
22 17 176.229 246.006
22 22 188.489 114.397
22 27 144.975 12.0983
22 32 97.7375 -42.3503
22 37 62.4572 -70.0746
22 42 37.9995 -83.8959
22 47 21.402 -89.9614
22 52 10.2703 -91.5134
22 57 2.98322 -90.3397
22 62 -1.65309 -87.5859
22 67 -4.45734 -83.9907
22 72 -6.0001 -80.0151
22 77 -6.68397 -75.9819
22 82 -6.78633 -72.0978
22 87 -6.49835 -68.4947
22 92 -5.95328 -65.2584
22 97 -5.24105 -62.4409
22 102 -4.42285 -60.074
22 107 -3.53863 -58.1771
22 112 -2.6106 -56.7635
22 117 -1.64424 -55.8389
22 122 -0.634299 -55.3941

27 2 10.8012 443.216
27 7 68.5476 436.075
27 12 145.258 412.28
27 17 271.703 332.609
27 22 313.053 51.0993
27 27 178.925 -61.3901
27 32 105.784 -91.343
27 37 62.739 -102.111
27 42 35.6164 -105.03
27 47 18.0437 -103.951
27 52 6.67256 -100.63
27 57 -0.579261 -96.1526
27 62 -5.03828 -91.1345
27 67 -7.5959 -85.9866
27 72 -8.86023 -80.9548
27 77 -9.25306 -76.2072
27 82 -9.06151 -71.8436
27 87 -8.48343 -67.9241
27 92 -7.65362 -64.4821
27 97 -6.66339 -61.5334
27 102 -5.57276 -59.0844
27 107 -4.42006 -57.136
27 112 -3.22731 -55.6856
27 117 -2.00532 -54.7278
27 122 -0.759936 -54.2532

32 2 9.90934 496.135
32 7 63.0072 499.194
32 12 134.333 510.619
32 17 255.609 566.753
32 22 282.406 -246.854
32 27 158.415 -165.078
32 32 90.9293 -145.936
32 37 51.1994 -135.158
32 42 26.2509 -126.078
32 47 10.3088 -117.473
32 52 0.170369 -109.238
32 57 -6.09267 -101.459
32 62 -9.74254 -94.2039
32 67 -11.6264 -87.5393
32 72 -12.3197 -81.4861
32 77 -12.2203 -76.0546
32 82 -11.5974 -71.2396
32 87 -10.6354 -67.0272
32 92 -9.45839 -63.3987
32 97 -8.14905 -60.3342
32 102 -6.76099 -57.8153
32 107 -5.32759 -55.8245
32 112 -3.86763 -54.3469
32 117 -2.39039 -53.3688
32 122 -0.900446 -52.8791

37 2 6.93969 538.958
37 7 43.0925 548.41
37 12 84.2466 575.886
37 17 123.365 634.756
37 22 127.542 -296.678
37 27 94.2189 -227.883
37 32 57.1084 -187.845
37 37 29.5152 -162.384
37 42 10.8185 -143.691
37 47 -1.33977 -128.725
37 52 -8.91824 -116.201
37 57 -13.3393 -105.518
37 62 -15.6111 -96.2983
37 67 -16.4345 -88.3106
37 72 -16.2929 -81.3767
37 77 -15.521 -75.3666
37 82 -14.3451 -70.1788
37 87 -12.9181 -65.7321
37 92 -11.3411 -61.9614
37 97 -9.67956 -58.8146
37 102 -7.97467 -56.2503
37 107 -6.25054 -54.236
37 112 -4.51843 -52.7453
37 117 -2.78311 -51.7586
37 122 -1.0453 -51.2621

42 2 3.41865 564.921
42 7 20.7279 575.995
42 12 37.834 603.85
42 17 49.6545 648.923
42 22 48.9646 -307.028
42 27 36.0652 -254.334
42 32 18.2128 -212.322
42 37 2.66036 -180.418
42 42 -8.55536 -155.815
42 47 -15.7771 -136.35
42 52 -19.9282 -120.618
42 57 -21.8872 -107.72
42 62 -22.347 -96.9996
42 67 -21.811 -88.0145
42 72 -20.6307 -80.4331
42 77 -19.0496 -74.0123
42 82 -17.2293 -68.5737
42 87 -15.2768 -63.9817
42 92 -13.2612 -60.1339
42 97 -11.2244 -56.9525
42 102 -9.19023 -54.3779
42 107 -7.16932 -52.3648
42 112 -5.16436 -50.8792
42 117 -3.17304 -49.8967
42 122 -1.18978 -49.4015

47 2 0.0948653 573.57
47 7 0.64241 584.751
47 12 1.06582 611.127
47 17 -0.069355 650.213
47 22 -4.2618 -312.909
47 27 -11.2247 -266.127
47 32 -19.0988 -224.344
47 37 -25.5571 -189.682
47 42 -29.7178 -161.844
47 47 -31.7063 -139.666
47 52 -32.0223 -121.932
47 57 -31.1706 -107.652
47 62 -29.559 -96.0181
47 67 -27.4804 -86.4528
47 72 -25.1366 -78.5203
47 77 -22.6633 -71.9016
47 82 -20.1455 -66.3655
47 87 -17.6358 -61.7392
47 92 -15.1642 -57.895
47 97 -12.7439 -54.7369
47 102 -10.3784 -52.1936
47 107 -8.0636 -50.2117
47 112 -5.79182 -48.7525
47 117 -3.55159 -47.7883
47 122 -1.33009 -47.3013

52 2 -2.97945 566.296
52 7 -17.5366 577.944
52 12 -30.63 604.992
52 17 -41.1346 644.364
52 22 -48.6118 -318.723
52 27 -53.0608 -271.336
52 32 -54.443 -228.007
52 37 -53.549 -191.438
52 42 -51.1813 -161.899
52 47 -47.9716 -138.462
52 52 -44.3467 -119.896
52 57 -40.5703 -105.112
52 62 -36.8002 -93.2085
52 67 -33.1225 -83.5263
52 72 -29.5821 -75.5747
52 77 -26.1995 -68.9961
52 82 -22.9783 -63.5329
52 87 -19.9127 -58.9949
52 92 -16.9901 -55.2417
52 97 -14.1947 -52.1701
52 102 -11.5083 -49.7034
52 107 -8.91229 -47.7855
52 112 -6.38617 -46.3751
52 117 -3.90979 -45.4433
52 122 -1.46285 -44.972

57 2 -6.04294 543.827
57 7 -35.6621 556.726
57 12 -62.2384 587.219
57 17 -82.0774 632.393
57 22 -92.7514 -325.173
57 27 -94.502 -271.681
57 32 -89.2142 -224.504
57 37 -80.8373 -186.159
57 42 -71.9134 -156.101
57 47 -63.5505 -132.744
57 52 -56.0683 -114.498
57 57 -49.4598 -100.097
57 62 -43.6161 -88.5758
57 67 -38.4121 -79.2466
57 72 -33.7352 -71.6118
57 77 -29.4934 -65.3132
57 82 -25.6098 -60.0937
57 87 -22.022 -55.7657
57 92 -18.6778 -52.1911
57 97 -15.5332 -49.2692
57 102 -12.5499 -46.9247
57 107 -9.69351 -45.1026
57 112 -6.93294 -43.7627
57 117 -4.23916 -42.8774
57 122 -1.58487 -42.4288

62 2 -9.27401 505.64
62 7 -55.2237 520.11
62 12 -98.0982 556.178
62 17 -130.481 613.45
62 22 -144.377 -331.35
62 27 -139.999 -265.145
62 32 -124.413 -212.368
62 37 -106.737 -173.262
62 42 -90.7946 -144.393
62 47 -77.4132 -122.667
62 52 -66.3792 -105.935
62 57 -57.2429 -92.7901
62 62 -49.5791 -82.2715
62 67 -43.0453 -73.733
62 72 -37.3813 -66.7248
62 77 -32.3918 -60.924
62 82 -27.9306 -56.1036
62 87 -23.8859 -52.0965
62 92 -20.1721 -48.7808
62 97 -16.7203 -46.0658
62 102 -13.4745 -43.8844
62 107 -10.3878 -42.1871
62 112 -7.41909 -40.9377
62 117 -4.53221 -40.1114
62 122 -1.6935 -39.692

67 2 -12.4857 451.093
67 7 -75.783 465.505
67 12 -141.034 505.565
67 17 -197.615 582.857
67 22 -215.704 -333.399
67 27 -193.048 -244.217
67 32 -158.731 -187.646
67 37 -129.214 -151.658
67 42 -106.194 -126.888
67 47 -88.4127 -108.679
67 52 -74.4964 -94.6742
67 57 -63.3866 -83.5758
67 62 -54.3234 -74.5895
67 67 -46.7695 -67.2051
67 72 -40.3425 -61.0741
67 77 -34.7697 -55.9482
67 82 -29.8519 -51.6524
67 87 -25.4418 -48.057
67 92 -21.4278 -45.0647
67 97 -17.7233 -42.6035
67 102 -14.2592 -40.6189
67 107 -10.9788 -39.0703
67 112 -7.83407 -37.9279
67 117 -4.78269 -37.1711
67 122 -1.78646 -36.7862

72 2 -14.8315 381.986
72 7 -92.0519 391.494
72 12 -184.335 421.366
72 17 -307.762 512.732
72 22 -341.213 -308.72
72 27 -248.336 -189.966
72 32 -185.011 -146.009
72 37 -144.24 -121.516
72 42 -116.028 -104.642
72 47 -95.4281 -91.7954
72 52 -79.7751 -81.5048
72 57 -67.4951 -73.0349
72 62 -57.5929 -65.9478
72 67 -49.4111 -59.9604
72 72 -42.4994 -54.8747
72 77 -36.5425 -50.5418
72 82 -31.3135 -46.8561
72 87 -26.6454 -43.7336
72 92 -22.4129 -41.1098
72 97 -18.5192 -38.9352
72 102 -14.8875 -37.1713
72 107 -11.4554 -35.7885
72 112 -8.17026 -34.7651
72 117 -4.98633 -34.0854
72 122 -1.8622 -33.7392

77 2 -15.1313 305.753
77 7 -94.2974 305.926
77 12 -192.115 303.139
77 17 -350.968 269.343
77 22 -418.052 -33.1732
77 27 -261.569 -91.7898
77 32 -190.079 -92.4644
77 37 -147.508 -86.9103
77 42 -118.705 -80.26
77 47 -97.7958 -73.6735
77 52 -81.9018 -67.511
77 57 -69.3983 -61.8925
77 62 -59.2832 -56.8418
77 67 -50.9005 -52.3446
77 72 -43.8022 -48.3711
77 77 -37.6742 -44.8815
77 82 -32.2884 -41.8437
77 87 -27.4769 -39.2231
77 92 -23.1124 -36.9901
77 97 -19.0964 -35.1192
77 102 -15.3507 -33.5888
77 107 -11.811 -32.3816
77 112 -8.4234 -31.484
77 117 -5.14057 -30.886
77 122 -1.91973 -30.5808

82 2 -13.3164 233.702
82 7 -81.4622 227.124
82 12 -155.542 205.1
82 17 -230.36 147.942
82 22 -254.599 48.5263
82 27 -214.661 -19.3187
82 32 -171.673 -46.028
82 37 -138.917 -55.1887
82 42 -114.446 -57.2638
82 47 -95.7355 -56.2548
82 52 -81.0392 -53.8643
82 57 -69.2073 -50.9006
82 62 -59.4664 -47.7751
82 67 -51.283 -44.7048
82 72 -44.2787 -41.8089
82 77 -38.1802 -39.1446
82 82 -32.7847 -36.7457
82 87 -27.9396 -34.6236
82 92 -23.5272 -32.781
82 97 -19.455 -31.2149
82 102 -15.6482 -29.92
82 107 -12.045 -28.8903
82 112 -8.59263 -28.1203
82 117 -5.2447 -27.6053
82 122 -1.95876 -27.3417

87 2 -10.5565 173.853
87 7 -63.2178 165.887
87 12 -114.024 144.037
87 17 -155.242 104.689
87 22 -172.511 53.6888
87 27 -163.811 10.1114
87 32 -143.932 -16.9691
87 37 -123.382 -31.3881
87 42 -105.403 -38.3275
87 47 -90.342 -41.0897
87 52 -77.8018 -41.5307
87 57 -67.2876 -40.6931
87 62 -58.3685 -39.1797
87 67 -50.7018 -37.3449
87 72 -44.0209 -35.4057
87 77 -38.121 -33.4901
87 82 -32.8423 -31.6808
87 87 -28.06 -30.0258
87 92 -23.6746 -28.5531
87 97 -19.6057 -27.2788
87 102 -15.7868 -26.2112
87 107 -12.1615 -25.3542
87 112 -8.68103 -24.709
87 117 -5.30099 -24.2755
87 122 -1.98008 -24.0524

92 2 -7.96541 127.798
92 7 -47.1082 121.165
92 12 -82.7571 104.678
92 17 -110.243 78.953
92 22 -124.669 48.2324
92 27 -125.575 19.7325
92 32 -117.701 -1.74384
92 37 -106.253 -15.8472
92 42 -94.2872 -24.2945
92 47 -83.0891 -28.9125
92 52 -73.0422 -31.0677
92 57 -64.158 -31.6813
92 62 -56.3169 -31.3584
92 67 -49.3687 -30.4889
92 72 -43.1685 -29.3297
92 77 -37.5894 -28.0454
92 82 -32.5234 -26.7473
92 87 -27.8801 -25.5062
92 92 -23.5836 -24.3679
92 97 -19.5693 -23.3616
92 102 -15.7815 -22.5053
92 107 -12.1714 -21.8104
92 112 -8.6949 -21.2829
92 117 -5.31182 -20.9263
92 122 -1.98436 -20.742

97 2 -5.95882 93.317
97 7 -35.0782 88.4953
97 12 -61.1696 77.0362
97 17 -81.4963 60.1228
97 22 -93.9251 40.3566
97 27 -98.2393 21.1762
97 32 -96.2748 5.21073
97 37 -90.5694 -6.61863
97 42 -83.1609 -14.6529
97 47 -75.2918 -19.7092
97 52 -67.5994 -22.6122
97 57 -60.3622 -24.0306
97 62 -53.6701 -24.4644
97 67 -47.5239 -24.2668
97 72 -41.8844 -23.6879
97 77 -36.6977 -22.898
97 82 -31.9066 -22.0166
97 87 -27.4555 -21.1241
97 92 -23.2931 -20.2747
97 97 -19.3722 -19.5048
97 102 -15.6494 -18.8382
97 107 -12.0844 -18.2902
97 112 -8.64005 -17.8706
97 117 -5.28115 -17.5853
97 122 -1.97366 -17.4377

102 2 -4.52897 67.3718
102 7 -26.6491 64.0681
102 12 -46.5288 56.3558
102 17 -62.4572 45.1878
102 22 -73.268 32.1467
102 27 -78.7636 19.0993
102 32 -79.7256 7.5791
102 37 -77.4419 -1.62046
102 42 -73.1686 -8.3949
102 47 -67.8595 -13.0425
102 52 -62.1374 -16.0024
102 57 -56.3707 -17.7053
102 62 -50.7597 -18.5169
102 67 -45.4017 -18.7198
102 72 -40.3344 -18.5274
102 77 -35.5627 -18.0937
102 82 -31.0731 -17.5309
102 87 -26.8423 -16.9174
102 92 -22.8422 -16.308
102 97 -19.0414 -15.7396
102 102 -15.4093 -15.2381
102 107 -11.9145 -14.8205
102 112 -8.52665 -14.4982
102 117 -5.21491 -14.2776
102 122 -1.94947 -14.163

107 2 -3.54651 47.3868
107 7 -20.8972 45.2061
107 12 -36.6458 40.145
107 17 -49.6452 32.847
107 22 -59.1383 24.272
107 27 -64.9176 15.4992
107 32 -67.3181 7.45294
107 37 -67.0184 0.708472
107 42 -64.7883 -4.53264
107 47 -61.3096 -8.34008
107 52 -57.105 -10.9254
107 57 -52.5398 -12.5431
107 62 -47.8545 -13.4382
107 67 -43.1994 -13.8162
107 72 -38.6619 -13.842
107 77 -34.2886 -13.6406
107 82 -30.0994 -13.306
107 87 -26.0966 -12.9059
107 92 -22.2705 -12.4882
107 97 -18.6056 -12.0873
107 102 -15.0818 -11.727
107 107 -11.676 -11.4233
107 112 -8.36321 -11.1867
107 117 -5.11781 -11.0238
107 122 -1.91368 -10.939

112 2 -2.88868 31.4453
112 7 -17.0527 30.0789
112 12 -30.0478 26.9101
112 17 -41.0509 22.3358
112 22 -49.5065 16.9214
112 27 -55.2054 11.2917
112 32 -58.2759 5.99735
112 37 -59.0895 1.4167
112 42 -58.1292 -2.27126
112 47 -55.8791 -5.05368
112 52 -52.7594 -7.0227
112 57 -49.1004 -8.31796
112 62 -45.1464 -9.09018
112 67 -41.0695 -9.47505
112 72 -36.9845 -9.58733
112 77 -32.9644 -9.5176
112 82 -29.051 -9.33483
112 87 -25.2655 -9.09118
112 92 -21.6135 -8.824
112 97 -18.0909 -8.56072
112 102 -14.6857 -8.31987
112 107 -11.3813 -8.11445
112 112 -8.15819 -7.95309
112 117 -4.99476 -7.84162
112 122 -1.86809 -7.78325

117 2 -2.46636 18.1654
117 7 -14.5823 17.4091
117 12 -25.7947 15.653
117 17 -35.4653 13.113
117 22 -43.1498 10.0877
117 27 -48.6427 6.9085
117 32 -51.9735 3.87214
117 37 -53.3597 1.19331
117 42 -53.126 -1.01124
117 47 -51.633 -2.71412
117 52 -49.222 -3.95011
117 57 -46.1859 -4.78755
117 62 -42.7582 -5.30736
117 67 -39.1158 -5.58687
117 72 -35.3857 -5.69339
117 77 -31.6541 -5.68129
117 82 -27.9771 -5.59371
117 87 -24.3871 -5.46342
117 92 -20.8998 -5.31474
117 97 -17.5179 -5.16463
117 102 -14.2355 -5.02543
117 107 -11.0411 -4.90567
117 112 -7.91869 -4.81105
117 117 -4.84979 -4.7454
117 122 -1.81419 -4.71096

122 2 -2.22187 6.52973
122 7 -13.149 6.26396
122 12 -23.3118 5.64651
122 17 -32.1667 4.7523
122 22 -39.325 3.68398
122 27 -44.5899 2.55491
122 32 -47.9521 1.46811
122 37 -49.5589 0.500011
122 42 -49.6598 -0.305477
122 47 -48.5501 -0.934951
122 52 -46.5254 -1.39763
122 57 -43.8516 -1.71555
122 62 -40.7503 -1.91689
122 67 -37.3943 -2.02867
122 72 -33.9131 -2.07512
122 77 -30.3979 -2.07661
122 82 -26.9101 -2.04874
122 87 -23.4871 -2.0043
122 92 -20.1485 -1.95204
122 97 -16.9011 -1.89858
122 102 -13.7423 -1.84861
122 107 -10.6631 -1.8054
122 112 -7.64993 -1.77116
122 117 -4.68608 -1.74733
122 122 -1.75309 -1.73481

