2 2 -0.000773104 0.115334
2 7 -0.00300848 0.0767181
2 12 -0.00224567 0.0324513
2 17 -0.000692419 0.00934154
2 22 0.000347927 0.00196262
2 27 0.000562388 0.000232773
2 32 0.000299408 -5.8203e-05
2 37 8.63138e-05 -3.95883e-05
2 42 1.55182e-05 -9.94205e-06
2 47 1.89378e-06 -1.4773e-06
2 52 1.6659e-07 -1.47904e-07
2 57 1.10535e-08 -1.07211e-08
2 62 5.732e-10 -5.91066e-10
2 67 2.39051e-11 -2.57131e-11
2 72 8.20899e-13 -9.08607e-13
2 77 2.36478e-14 -2.66454e-14
2 82 1.22125e-15 2.55351e-15
2 87 2.03156e-11 1.10734e-10
2 92 3.50334e-08 1.95174e-07
2 97 7.023e-06 4.64426e-05
2 102 0.000272137 0.00255187
2 107 0.00224583 0.0462895
2 112 -0.0101919 0.372934
2 117 -0.277874 1.97658
2 122 -7.79861 16.6693

7 2 -0.00029311 0.113087
7 7 -0.00101648 0.0764846
7 12 0.00238823 0.034915
7 17 0.0168799 0.0146069
7 22 0.0321473 0.00420257
7 27 0.0264826 -0.00307179
7 32 0.0113134 -0.00340207
7 37 0.00286486 -0.00131471
7 42 0.000474413 -0.000282477
7 47 5.51646e-05 -3.92767e-05
7 52 4.74681e-06 -3.84629e-06
7 57 3.14568e-07 -2.8066e-07
7 62 1.6566e-08 -1.58986e-08
7 67 7.11078e-10 -7.2156e-10
7 72 2.54048e-11 -2.69053e-11
7 77 7.68829e-13 -8.41327e-13
7 82 2.24265e-14 1.53211e-14
7 87 2.15532e-11 4.00633e-10
7 92 5.53247e-09 3.49485e-07
7 97 -2.41073e-06 5.27741e-05
7 102 -0.000285339 0.00213001
7 107 -0.00813326 0.0306402
7 112 -0.0951279 0.192478
7 117 -0.614531 0.565372
7 122 -2.14194 -0.143293

12 2 8.17967e-05 0.112446
12 7 0.0106336 0.0851224
12 12 0.122309 0.100007
12 17 0.459265 0.136401
12 22 0.684567 0.0135685
12 27 0.470534 -0.104672
12 32 0.175238 -0.0768344
12 37 0.0404541 -0.0253791
12 42 0.00635847 -0.00501819
12 47 0.000725166 -0.00067107
12 52 6.27752e-05 -6.51716e-05
12 57 4.26667e-06 -4.82227e-06
12 62 2.33839e-07 -2.81616e-07
12 67 1.05619e-08 -1.33408e-08
12 72 4.00408e-10 -5.24133e-10
12 77 1.29415e-11 -1.73949e-11
12 82 3.62266e-13 -4.22773e-13
12 87 -1.23274e-11 4.10322e-10
12 92 -2.30995e-08 2.3642e-07
12 97 -5.2475e-06 2.65972e-05
12 102 -0.000294506 0.000850559
12 107 -0.00578218 0.00975621
12 112 -0.0492326 0.0443682
12 117 -0.200124 0.0542908
12 122 -0.310588 -0.173373

17 2 0.00581124 0.124065
17 7 0.196783 0.275019
17 12 1.64683 1.1229
17 17 5.32723 1.63204
17 22 6.94965 -0.29379
17 27 4.07778 -1.47179
17 32 1.32761 -0.851559
17 37 0.281283 -0.24796
17 42 0.0424345 -0.0459244
17 47 0.00480638 -0.0059911
17 52 0.000423587 -0.000583828
17 57 2.98387e-05 -4.42236e-05
17 62 1.71709e-06 -2.68246e-06
17 67 8.22143e-08 -1.33408e-07
17 72 3.32743e-09 -5.54682e-09
17 77 1.15417e-10 -1.95998e-10
17 82 3.47111e-12 -5.92049e-12
17 87 -1.98768e-11 1.81218e-10
17 92 -1.70049e-08 7.50939e-08
17 97 -2.68132e-06 6.07928e-06
17 102 -0.000119985 0.000124289
17 107 -0.0019783 0.000505479
17 112 -0.0140939 -0.00408931
17 117 -0.045851 -0.0373682
17 122 -0.0584782 -0.111119

22 2 0.0467628 0.258488
22 7 1.24175 1.83201
22 12 9.58101 8.7844
22 17 32.3387 12.5921
22 22 39.9725 -5.28935
22 27 18.9152 -11.2333
22 32 5.22614 -5.1211
22 37 1.01921 -1.3213
22 42 0.149713 -0.23208
22 47 0.0171095 -0.0299178
22 52 0.00155684 -0.00295743
22 57 0.000114995 -0.000231275
22 62 7.01375e-06 -1.46627e-05
22 67 3.58658e-07 -7.69045e-07
22 72 1.55888e-08 -3.3946e-08
22 77 5.8302e-10 -1.27979e-09
22 82 1.89699e-11 -4.17297e-11
22 87 -8.09763e-12 2.90548e-11
22 92 -5.66565e-09 1.6921e-09
22 97 -7.63484e-07 -1.38234e-06
22 102 -3.0801e-05 -0.000101493
22 107 -0.000469197 -0.00200021
22 112 -0.00311961 -0.0152385
22 117 -0.00970484 -0.0541497
22 122 -0.013661 -0.101849

27 2 0.127347 0.798563
27 7 3.06592 7.29139
27 12 24.7205 38.4129
27 17 114.127 78.3411
27 22 154.632 -55.7259
27 27 46.0285 -51.1111
27 32 10.6801 -17.656
27 37 1.98309 -4.10742
27 42 0.292927 -0.69911
27 47 0.0346281 -0.0905548
27 52 0.00331404 -0.00918651
27 57 0.000260242 -0.000747439
27 62 1.69982e-05 -4.97761e-05
27 67 9.3564e-07 -2.76152e-06
27 72 4.39339e-08 -1.29615e-07
27 77 1.77974e-09 -5.21704e-09
27 82 6.2841e-11 -1.82239e-10
27 87 -2.14051e-13 -2.29122e-11
27 92 -1.30836e-09 -1.8017e-08
27 97 -1.71313e-07 -3.20852e-06
27 102 -6.88557e-06 -0.000153612
27 107 -0.000105841 -0.00255473
27 112 -0.000723633 -0.0176521
27 117 -0.00244071 -0.0581635
27 122 -0.00432446 -0.10222

32 2 0.289043 2.00648
32 7 5.20121 17.0696
32 12 32.1465 91.1025
32 17 126.242 296.533
32 22 148.071 -345.321
32 27 44.7932 -121.658
32 32 10.8163 -35.7865
32 37 2.11573 -8.00812
32 42 0.332059 -1.36673
32 47 0.0419837 -0.181201
32 52 0.00431933 -0.0190542
32 57 0.000366048 -0.00162112
32 62 2.58793e-05 -0.000113636
32 67 1.54529e-06 -6.67005e-06
32 72 7.88407e-08 -3.32585e-07
32 77 3.47412e-09 -1.42683e-08
32 82 1.33533e-10 -5.32663e-10
32 87 4.02112e-12 -4.57008e-11
32 92 -3.27066e-10 -2.25221e-08
32 97 -4.67981e-08 -3.63806e-06
32 102 -2.02066e-06 -0.00016633
32 107 -3.29138e-05 -0.00269608
32 112 -0.000239452 -0.0183181
32 117 -0.000888814 -0.0595523
32 122 -0.00186573 -0.103277

37 2 0.163011 3.35248
37 7 2.57206 25.2565
37 12 12.9582 123.398
37 17 32.7437 351.054
37 22 35.8057 -386.466
37 27 18.5358 -158.097
37 32 5.78252 -48.0725
37 37 1.31479 -11.0159
37 42 0.231081 -1.93294
37 47 0.0322443 -0.264951
37 52 0.00363885 -0.028961
37 57 0.00033738 -0.00257406
37 62 2.60657e-05 -0.000189339
37 67 1.69996e-06 -1.17089e-05
37 72 9.4704e-08 -6.17284e-07
37 77 4.55571e-09 -2.80863e-08
37 82 1.91109e-10 -1.115e-09
37 87 6.88216e-12 -7.01693e-11
37 92 -1.30484e-10 -2.39138e-08
37 97 -2.04339e-08 -3.78462e-06
37 102 -9.26565e-07 -0.000170971
37 107 -1.54827e-05 -0.00275033
37 112 -0.000114833 -0.0185901
37 117 -0.00043994 -0.0601972
37 122 -0.000982954 -0.10399

42 2 0.0524642 3.92901
42 7 0.749209 28.1691
42 12 3.20474 131.931
42 17 6.7501 358.114
42 22 7.52136 -389.638
42 27 4.97109 -166.924
42 32 1.95215 -52.6157
42 37 0.528446 -12.4057
42 42 0.106596 -2.23657
42 47 0.016724 -0.315491
42 52 0.00209797 -0.0355944
42 57 0.000214809 -0.00327696
42 62 1.82557e-05 -0.00025062
42 67 1.30643e-06 -1.6175e-05
42 72 7.97284e-08 -8.93188e-07
42 77 4.1963e-09 -4.27127e-08
42 82 1.92412e-10 -1.7877e-09
42 87 7.66331e-12 -9.85881e-11
42 92 -7.52357e-11 -2.45993e-08
42 97 -1.21377e-08 -3.86064e-06
42 102 -5.53903e-07 -0.000173431
42 107 -9.19142e-06 -0.0027792
42 112 -6.73392e-05 -0.0187354
42 117 -0.000256211 -0.0605516
42 122 -0.000579167 -0.104427

47 2 0.011737 4.08427
47 7 0.157756 28.8491
47 12 0.612295 133.574
47 17 1.19668 359.209
47 22 1.37611 -389.745
47 27 1.05554 -168.507
47 32 0.49169 -53.7522
47 37 0.155542 -12.8407
47 42 0.0359181 -2.3487
47 47 0.00634742 -0.336818
47 52 0.000886996 -0.0387354
47 57 0.000100438 -0.00364658
47 62 9.39576e-06 -0.000286178
47 67 7.37874e-07 -1.90232e-05
47 72 4.93143e-08 -1.08605e-06
47 77 2.83824e-09 -5.38987e-08
47 82 1.4215e-10 -2.34975e-09
47 87 6.19083e-12 -1.24107e-10
47 92 -5.0936e-11 -2.50339e-08
47 97 -8.25499e-09 -3.90925e-06
47 102 -3.7396e-07 -0.000174995
47 107 -6.10591e-06 -0.00279724
47 112 -4.37754e-05 -0.0188243
47 117 -0.000163261 -0.060766
47 122 -0.000366511 -0.1047

52 2 0.00281911 4.11791
52 7 0.0362717 28.9832
52 12 0.131302 133.863
52 17 0.243317 359.388
52 22 0.278185 -389.707
52 27 0.223802 -168.762
52 32 0.114477 -53.9864
52 37 0.0403018 -12.9484
52 42 0.0103276 -2.38094
52 47 0.00201039 -0.343774
52 52 0.000307399 -0.0398799
52 57 3.79161e-05 -0.00379555
52 62 3.85413e-06 -0.000301935
52 67 3.28534e-07 -2.04055e-05
52 72 2.38265e-08 -1.18834e-06
52 77 1.48825e-09 -6.03707e-08
52 82 8.09103e-11 -2.70413e-09
52 87 3.81883e-12 -1.41639e-10
52 92 -3.73512e-11 -2.53411e-08
52 97 -6.03534e-09 -3.94353e-06
52 102 -2.70675e-07 -0.000176083
52 107 -4.34253e-06 -0.00280953
52 112 -3.04006e-05 -0.0188831
52 117 -0.000110593 -0.0609042
52 122 -0.000244451 -0.104877

57 2 0.00119031 4.12813
57 7 0.00983693 29.0175
57 12 -0.00213603 133.915
57 17 -0.0696794 359.409
57 22 -0.120195 -389.726
57 27 -0.104907 -168.797
57 32 -0.0348382 -54.0196
57 37 -0.00404926 -12.9683
57 42 0.000707649 -2.38844
57 47 0.000378435 -0.345689
57 52 8.22618e-05 -0.0402366
57 57 1.2136e-05 -0.00384674
57 62 1.37609e-06 -0.000307818
57 67 1.26978e-07 -2.09627e-05
57 72 9.8527e-09 -1.23274e-06
57 77 6.56464e-10 -6.33963e-08
57 82 3.81022e-11 -2.88271e-09
57 87 1.91225e-12 -1.51287e-10
57 92 -2.8806e-11 -2.5572e-08
57 97 -4.6295e-09 -3.96916e-06
57 102 -2.0555e-07 -0.000176887
57 107 -3.24248e-06 -0.0028184
57 112 -2.21676e-05 -0.0189242
57 117 -7.84949e-05 -0.0609978
57 122 -0.000169958 -0.104996

62 2 -0.00489258 4.12373
62 7 -0.148897 28.9104
62 12 -1.04854 133.422
62 17 -2.76615 358.971
62 22 -3.31466 -389.822
62 27 -2.1772 -168.23
62 32 -0.748452 -53.6544
62 37 -0.161597 -12.8613
62 42 -0.0241123 -2.36974
62 47 -0.0026089 -0.343598
62 52 -0.000207699 -0.0400995
62 57 -1.17357e-05 -0.00384601
62 62 -3.71033e-07 -0.000308901
62 67 9.28147e-09 -2.11261e-05
62 72 2.45678e-09 -1.2486e-06
62 77 2.2573e-10 -6.46039e-08
62 82 1.51896e-11 -2.95977e-09
62 87 8.199e-13 -1.55875e-10
62 92 -2.30114e-11 -2.57528e-08
62 97 -3.67758e-09 -3.98914e-06
62 102 -1.61777e-07 -0.000177506
62 107 -2.51264e-06 -0.00282509
62 112 -1.6793e-05 -0.0189542
62 117 -5.7839e-05 -0.0610636
62 122 -0.000122256 -0.105078

67 2 -0.0602315 3.97442
67 7 -1.28916 27.5856
67 12 -8.07214 128.29
67 17 -22.1301 354.285
67 22 -24.8979 -388.38
67 27 -13.0243 -162.553
67 32 -3.78881 -50.9037
67 37 -0.755369 -12.1413
67 42 -0.111569 -2.24324
67 47 -0.0126813 -0.32742
67 52 -0.00113693 -0.038529
67 57 -8.1862e-05 -0.0037275
67 62 -4.79258e-06 -0.000301891
67 67 -2.29158e-07 -2.0807e-05
67 72 -8.85123e-09 -1.23846e-06
67 77 -2.61786e-10 -6.45005e-08
67 82 -4.59766e-12 -2.97373e-09
67 87 4.80727e-14 -1.57502e-10
67 92 -1.8874e-11 -2.58988e-08
67 97 -3.00052e-09 -4.00519e-06
67 102 -1.30904e-07 -0.000177997
67 107 -2.00488e-06 -0.0028303
67 112 -1.31184e-05 -0.018977
67 117 -4.39541e-05 -0.0611114
67 122 -9.04857e-05 -0.105135

72 2 -0.22992 3.169
72 7 -4.2332 21.6693
72 12 -27.0734 102.843
72 17 -100.847 316.566
72 22 -116.611 -363.493
72 27 -39.735 -133.126
72 32 -9.50454 -40.8684
72 37 -1.77426 -9.85226
72 42 -0.260997 -1.85718
72 47 -0.0305738 -0.277471
72 52 -0.00288991 -0.033447
72 57 -0.000223503 -0.00331255
72 62 -1.43337e-05 -0.000274234
72 67 -7.71531e-07 -1.92814e-05
72 72 -3.52119e-08 -1.16813e-06
72 77 -1.37271e-09 -6.17814e-08
72 82 -4.58447e-11 -2.88631e-09
72 87 -1.32339e-12 -1.55479e-10
72 92 -1.58255e-11 -2.60195e-08
72 97 -2.50023e-09 -4.0184e-06
72 102 -1.08285e-07 -0.000178398
72 107 -1.63791e-06 -0.00283448
72 112 -1.05098e-05 -0.0189946
72 117 -3.42784e-05 -0.0611471
72 122 -6.86169e-05 -0.105177

77 2 -0.170646 1.77489
77 7 -3.67311 11.5315
77 12 -27.7845 50.1738
77 17 -133.726 106.466
77 22 -188.924 -87.9987
77 27 -49.94 -63.9718
77 32 -11.6384 -23.0025
77 37 -2.22722 -6.03081
77 42 -0.343066 -1.20982
77 47 -0.0426102 -0.190679
77 52 -0.00430781 -0.0241315
77 57 -0.000358762 -0.00250027
77 62 -2.49213e-05 -0.000215831
77 67 -1.4614e-06 -1.57704e-05
77 72 -7.31534e-08 -9.89433e-07
77 77 -3.15743e-09 -5.39975e-08
77 82 -1.1854e-10 -2.59357e-09
77 87 -3.9152e-12 -1.46103e-10
77 92 -1.35436e-11 -2.6121e-08
77 97 -2.11913e-09 -4.0295e-06
77 102 -9.11961e-08 -0.000178732
77 107 -1.36427e-06 -0.0028379
77 112 -8.59882e-06 -0.0190087
77 117 -2.73276e-05 -0.0611743
77 122 -5.31351e-05 -0.105207

82 2 -0.13153 0.81824
82 7 -2.38666 4.24819
82 12 -14.3094 14.5329
82 17 -44.056 17.8213
82 22 -53.0152 -8.69608
82 27 -24.7766 -16.7386
82 32 -7.25965 -8.37125
82 37 -1.58434 -2.59137
82 42 -0.269928 -0.580305
82 47 -0.0366961 -0.0997105
82 52 -0.00404677 -0.0135933
82 57 -0.000367361 -0.00150619
82 62 -2.78269e-05 -0.000138316
82 67 -1.78099e-06 -1.07035e-05
82 72 -9.74252e-08 -7.0824e-07
82 77 -4.60291e-09 -4.05962e-08
82 82 -1.89611e-10 -2.03945e-09
82 87 -6.88916e-12 -1.26209e-10
82 92 -1.18054e-11 -2.62075e-08
82 97 -1.8215e-09 -4.03895e-06
82 102 -7.7953e-08 -0.000179014
82 107 -1.15482e-06 -0.00284075
82 112 -7.16125e-06 -0.0190202
82 117 -2.22025e-05 -0.0611955
82 122 -4.19054e-05 -0.105229

87 2 -0.050509 0.302957
87 7 -0.814916 1.07557
87 12 -4.08651 2.99886
87 17 -10.2437 3.15083
87 22 -12.2761 -0.905112
87 27 -7.41887 -3.19295
87 32 -2.72927 -2.11681
87 37 -0.703385 -0.790059
87 42 -0.136505 -0.202789
87 47 -0.0207471 -0.038873
87 52 -0.00253319 -0.00582217
87 57 -0.000253298 -0.000701998
87 62 -2.10741e-05 -6.96835e-05
87 67 -1.47912e-06 -5.79871e-06
87 72 -8.86863e-08 -4.10761e-07
87 77 -4.63065e-09 -2.51008e-08
87 82 -2.51682e-10 -1.33888e-09
87 87 -5.30906e-11 -9.85957e-11
87 92 -5.52591e-11 -2.6282e-08
87 97 -1.62906e-09 -4.04712e-06
87 102 -6.75144e-08 -0.000179256
87 107 -9.90972e-07 -0.00284317
87 112 -6.05493e-06 -0.0190296
87 117 -1.83372e-05 -0.0612122
87 122 -3.35855e-05 -0.105246

92 2 -0.0116543 0.146321
92 7 -0.176325 0.2473
92 12 -0.803184 0.507934
92 17 -1.8801 0.517124
92 22 -2.3317 -0.0483084
92 27 -1.62866 -0.482482
92 32 -0.711381 -0.401271
92 37 -0.214191 -0.178317
92 42 -0.0475765 -0.0527399
92 47 -0.00815088 -0.0113987
92 52 -0.00111059 -0.0018974
92 57 -0.000123145 -0.000251783
92 62 -1.13391e-05 -2.73135e-05
92 67 -9.05258e-07 -2.47041e-06
92 72 -8.92259e-08 -1.89342e-07
92 77 -3.49835e-08 -1.24685e-08
92 82 -3.18819e-08 -7.13993e-10
92 87 -3.17277e-08 -7.16532e-11
92 92 -3.17299e-08 -2.63471e-08
92 97 -3.31124e-08 -4.05425e-06
92 102 -9.074e-08 -0.000179466
92 107 -8.91948e-07 -0.00284524
92 112 -5.21819e-06 -0.0190376
92 117 -1.53952e-05 -0.0612257
92 122 -2.73294e-05 -0.105259

97 2 -0.00180671 0.115645
97 7 -0.0267774 0.0980915
97 12 -0.117582 0.0948222
97 17 -0.273487 0.0802492
97 22 -0.356835 0.00816981
97 27 -0.277625 -0.0576035
97 32 -0.138782 -0.0593271
97 37 -0.0479136 -0.0309486
97 42 -0.0121092 -0.0105088
97 47 -0.00234187 -0.00256687
97 52 -0.000360816 -0.000477298
97 57 -4.85843e-05 -7.01403e-05
97 62 -9.15662e-06 -8.37038e-06
97 67 -5.07517e-06 -8.28466e-07
97 72 -4.72248e-06 -6.91808e-08
97 77 -4.69665e-06 -4.94444e-09
97 82 -4.69503e-06 -3.06229e-10
97 87 -4.69494e-06 -5.24411e-11
97 92 -4.69494e-06 -2.64047e-08
97 97 -4.69617e-06 -4.06053e-06
97 102 -4.74704e-06 -0.00017965
97 107 -5.44921e-06 -0.00284705
97 112 -9.18456e-06 -0.0190444
97 117 -1.75839e-05 -0.0612366
97 122 -2.55051e-05 -0.105268

102 2 -0.000217217 0.111412
102 7 -0.00313163 0.078123
102 12 -0.0134868 0.0403933
102 17 -0.0319831 0.0185884
102 22 -0.0442761 0.00447165
102 27 -0.0378872 -0.00506073
102 32 -0.0213347 -0.00694608
102 37 -0.00844095 -0.00424269
102 42 -0.00254878 -0.00164693
102 47 -0.000709599 -0.000454135
102 52 -0.000287183 -9.44527e-05
102 57 -0.00021241 -1.54125e-05
102 62 -0.000201874 -2.03042e-06
102 67 -0.000200663 -2.20774e-07
102 72 -0.000200547 -2.01703e-08
102 77 -0.000200538 -1.57159e-09
102 82 -0.000200537 -1.05771e-10
102 87 -0.000200537 -4.21411e-11
102 92 -0.000200537 -2.64563e-08
102 97 -0.000200538 -4.06612e-06
102 102 -0.000200583 -0.000179813
102 107 -0.000201192 -0.00284862
102 112 -0.000203567 -0.0190496
102 117 -0.000196498 -0.0612377
102 122 -0.000124706 -0.105239

107 2 -0.000300435 0.110498
107 7 -0.00197245 0.0756191
107 12 -0.00381563 0.0344046
107 17 -0.00595882 0.0113191
107 22 -0.00749397 0.00272297
107 27 -0.00722101 1.63074e-05
107 32 -0.00565723 -0.000610661
107 37 -0.00420134 -0.000464478
107 42 -0.00343521 -0.000207118
107 47 -0.00316326 -6.44342e-05
107 52 -0.0030928 -1.49863e-05
107 57 -0.00307883 -2.71736e-06
107 62 -0.00307663 -3.95749e-07
107 67 -0.00307635 -4.73654e-08
107 72 -0.00307632 -4.74542e-09
107 77 -0.00307632 -4.04116e-10
107 82 -0.00307632 -2.96409e-11
107 87 -0.00307632 -3.79046e-11
107 92 -0.00307632 -2.65028e-08
107 97 -0.00307632 -4.07112e-06
107 102 -0.00307635 -0.000179947
107 107 -0.00307548 -0.00284858
107 112 -0.00303782 -0.0190213
107 117 -0.00268372 -0.061007
107 122 -0.001373 -0.10454

112 2 -0.00211521 0.105647
112 7 -0.0116993 0.0717163
112 12 -0.0173272 0.0321992
112 17 -0.0195451 0.0101186
112 22 -0.0202132 0.00233075
112 27 -0.0203184 0.000376333
112 32 -0.0202143 2.17007e-06
112 37 -0.0200826 -3.68361e-05
112 42 -0.0200022 -2.08981e-05
112 47 -0.0199698 -7.43862e-06
112 52 -0.0199604 -1.93856e-06
112 57 -0.0199583 -3.90717e-07
112 62 -0.019958 -6.2932e-08
112 67 -0.0199579 -8.29676e-09
112 72 -0.0199579 -9.12474e-10
112 77 -0.0199579 -8.5039e-11
112 82 -0.0199579 -6.8115e-12
112 87 -0.0199579 -3.65637e-11
112 92 -0.0199579 -2.6544e-08
112 97 -0.0199579 -4.07248e-06
112 102 -0.0199574 -0.000179226
112 107 -0.0199256 -0.00280998
112 112 -0.0194143 -0.0185073
112 117 -0.0163052 -0.05849
112 122 -0.00760694 -0.0988879

117 2 -0.00705564 0.0841563
117 7 -0.0372302 0.0566175
117 12 -0.0540053 0.0254822
117 17 -0.0602746 0.00806314
117 22 -0.0619349 0.00187192
117 27 -0.0622576 0.0003288
117 32 -0.0622979 4.22321e-05
117 37 -0.0622934 1.84192e-06
117 42 -0.0622869 -1.37367e-06
117 47 -0.0622838 -6.84329e-07
117 52 -0.0622828 -2.06045e-07
117 57 -0.0622825 -4.64273e-08
117 62 -0.0622825 -8.27952e-09
117 67 -0.0622825 -1.20275e-09
117 72 -0.0622825 -1.45253e-10
117 77 -0.0622825 -1.48216e-11
117 82 -0.0622825 -1.30124e-12
117 87 -0.0622825 -3.6242e-11
117 92 -0.0622825 -2.63865e-08
117 97 -0.0622824 -3.94622e-06
117 102 -0.0622751 -0.000165964
117 107 -0.0620511 -0.00246543
117 112 -0.0596185 -0.0154447
117 117 -0.0481771 -0.0469215
117 122 -0.0212499 -0.0771591

122 2 -0.0118344 0.0361097
122 7 -0.0616088 0.0242563
122 12 -0.0893006 0.0110855
122 17 -0.0999855 0.00359959
122 22 -0.102966 0.000863348
122 27 -0.103589 0.000158082
122 32 -0.103689 2.2583e-05
122 37 -0.103701 2.43793e-06
122 42 -0.103702 1.21572e-07
122 47 -0.103702 -3.70478e-08
122 52 -0.103702 -1.70372e-08
122 57 -0.103702 -4.47114e-09
122 62 -0.103702 -8.88859e-10
122 67 -0.103702 -1.42279e-10
122 72 -0.103702 -1.88415e-11
122 77 -0.103702 -2.10168e-12
122 82 -0.103702 -2.06085e-13
122 87 -0.103702 -3.24463e-11
122 92 -0.103702 -2.0526e-08
122 97 -0.103701 -2.60148e-06
122 102 -0.103669 -9.39538e-05
122 107 -0.103026 -0.00123652
122 112 -0.0977325 -0.00710318
122 117 -0.0768753 -0.0204059
122 122 -0.0328728 -0.0325244

