2 2 0.000225422 6.02307
2 62 0.0123757 5.35992
2 122 0.0182077 3.76597
2 182 0.017071 1.95547
2 242 0.0123547 0.470493
2 302 0.00734392 -0.50793
2 362 0.00354142 -1.04004
2 422 0.00113272 -1.26318
2 482 -0.000206746 -1.30225
2 542 -0.000857923 -1.24466
2 602 -0.00110982 -1.14386
2 662 -0.00114799 -1.02973
2 722 -0.00108141 -0.917696
2 782 -0.000970305 -0.814903
2 842 -0.000846248 -0.724049
2 902 -0.000724716 -0.64556
2 962 -0.000612475 -0.578792
2 1022 -0.000511737 -0.522679
2 1082 -0.000422444 -0.476062
2 1142 -0.000343504 -0.437845
2 1202 -0.00027345 -0.407065
2 1262 -0.000210876 -0.382906
2 1322 -0.000155261 -0.364662
2 1382 -0.000113388 -0.351446
2 1442 -0.000284851 -0.337264

62 2 0.0126492 6.39799
62 62 0.688628 5.62308
62 122 0.991944 3.81352
62 182 0.905584 1.85238
62 242 0.638246 0.326171
62 302 0.369851 -0.629069
62 362 0.17297 -1.1213
62 422 0.0511662 -1.31048
62 482 -0.0152975 -1.32658
62 542 -0.0469506 -1.25522
62 602 -0.058716 -1.14684
62 662 -0.0599663 -1.02886
62 722 -0.0561321 -0.915071
62 782 -0.0501883 -0.811643
62 842 -0.0436812 -0.720722
62 902 -0.0373617 -0.642428
62 962 -0.0315516 -0.575955
62 1022 -0.0263502 -0.520157
62 1082 -0.0217466 -0.473833
62 1142 -0.01768 -0.435873
62 1202 -0.014072 -0.405309
62 1262 -0.0108462 -0.381332
62 1322 -0.00795517 -0.363276
62 1382 -0.00550241 -0.350569
62 1442 -0.00441055 -0.343195

122 2 0.032042 7.67695
122 62 1.69498 6.46453
122 122 2.27623 3.88098
122 182 1.90987 1.46299
122 242 1.24129 -0.136335
122 302 0.665609 -0.987004
122 362 0.281493 -1.34903
122 422 0.0591971 -1.43796
122 482 -0.0555487 -1.38977
122 542 -0.106695 -1.28118
122 602 -0.123014 -1.15279
122 662 -0.121569 -1.02488
122 722 -0.111906 -0.906718
122 782 -0.0991163 -0.801855
122 842 -0.0857863 -0.710954
122 902 -0.073129 -0.633334
122 962 -0.0616313 -0.567771
122 1022 -0.0514088 -0.512905
122 1082 -0.042397 -0.467439
122 1142 -0.034454 -0.430221
122 1202 -0.0274124 -0.400275
122 1262 -0.0211076 -0.376806
122 1322 -0.0153958 -0.35919
122 1382 -0.0101632 -0.346999
122 1442 -0.00519641 -0.340086

182 2 0.0761805 10.7105
182 62 3.76577 8.13733
182 122 4.33853 3.61504
182 182 3.08215 0.468019
182 242 1.72637 -1.03496
182 302 0.799805 -1.58595
182 362 0.266146 -1.69417
182 422 -0.0113533 -1.61692
182 482 -0.141013 -1.47158
182 542 -0.190724 -1.31002
182 602 -0.199469 -1.15453
182 662 -0.188652 -1.01386
182 722 -0.169635 -0.890603
182 782 -0.148237 -0.784545
182 842 -0.127272 -0.694311
182 902 -0.107966 -0.618136
182 962 -0.0907241 -0.554241
182 1022 -0.0755444 -0.500994
182 1082 -0.0622396 -0.456974
182 1142 -0.0505503 -0.420988
182 1202 -0.040202 -0.392055
182 1262 -0.0309312 -0.369393
182 1322 -0.0224942 -0.3524
182 1382 -0.0146571 -0.340643
182 1442 -0.00716222 -0.333826

242 2 0.223468 18.6915
242 62 9.2954 10.7725
242 122 7.70707 1.67107
242 182 4.08123 -1.73736
242 242 1.79249 -2.44977
242 302 0.621485 -2.35788
242 362 0.0632598 -2.08163
242 422 -0.185362 -1.79476
242 482 -0.280794 -1.54002
242 542 -0.301895 -1.32358
242 602 -0.288497 -1.14214
242 662 -0.260701 -0.990604
242 722 -0.228504 -0.864107
242 782 -0.196685 -0.75849
242 842 -0.167332 -0.670304
242 902 -0.141165 -0.59672
242 962 -0.118228 -0.535431
242 1022 -0.0982567 -0.484565
242 1082 -0.0808661 -0.442607
242 1142 -0.0656427 -0.408343
242 1202 -0.0521884 -0.380805
242 1262 -0.0401376 -0.359237
242 1322 -0.0291579 -0.34306
242 1382 -0.0189433 -0.33185
242 1442 -0.00920593 -0.32531

302 2 1.17538 50.5857
302 62 27.1701 8.51843
302 122 10.7912 -5.74857
302 182 3.5191 -5.4744
302 242 0.9513 -4.09538
302 302 0.00275624 -3.06977
302 362 -0.347677 -2.3772
302 422 -0.457511 -1.90014
302 482 -0.466203 -1.55798
302 542 -0.43316 -1.30269
302 602 -0.385115 -1.10587
302 662 -0.334303 -0.950265
302 722 -0.286152 -0.824963
302 782 -0.242792 -0.722758
302 842 -0.204754 -0.638676
302 902 -0.17182 -0.569153
302 962 -0.143454 -0.511552
302 1022 -0.119016 -0.463879
302 1082 -0.0978665 -0.424603
302 1142 -0.0794149 -0.392536
302 1202 -0.0631323 -0.366754
302 1262 -0.0485523 -0.346548
302 1322 -0.035263 -0.33138
302 1382 -0.0228962 -0.320856
302 1442 -0.0111173 -0.314705

362 2 13.8726 426.637
362 62 33.294 -54.8404
362 122 2.94774 -17.9789
362 182 -0.359221 -8.55605
362 242 -0.924302 -5.02077
362 302 -0.970068 -3.34832
362 362 -0.888969 -2.42961
362 422 -0.778618 -1.86823
362 482 -0.66842 -1.49629
362 542 -0.567873 -1.23388
362 602 -0.47962 -1.03952
362 662 -0.403681 -0.890152
362 722 -0.339036 -0.772195
362 782 -0.284305 -0.677199
362 842 -0.23805 -0.599657
362 902 -0.198914 -0.535817
362 962 -0.165683 -0.483026
362 1022 -0.137298 -0.439348
362 1082 -0.112852 -0.403338
362 1142 -0.0915767 -0.3739
362 1202 -0.0728173 -0.350198
362 1262 -0.0560164 -0.331593
362 1322 -0.0406928 -0.317607
362 1382 -0.0264238 -0.30789
362 1442 -0.0128295 -0.302203

422 2 -8.20097 175.248
422 62 -49.467 -22.5099
422 122 -12.1905 -13.3851
422 182 -5.08713 -7.16469
422 242 -2.86624 -4.37906
422 302 -1.90484 -2.97049
422 362 -1.38853 -2.17247
422 422 -1.06734 -1.6777
422 482 -0.846604 -1.34804
422 542 -0.684519 -1.11527
422 602 -0.56022 -0.943082
422 662 -0.462134 -0.810964
422 722 -0.383218 -0.70672
422 782 -0.31883 -0.62275
422 842 -0.265711 -0.554119
422 902 -0.22146 -0.49749
422 962 -0.184245 -0.450527
422 1022 -0.152634 -0.411545
422 1082 -0.125488 -0.379299
422 1142 -0.101884 -0.352852
422 1202 -0.0810644 -0.331494
422 1262 -0.0623995 -0.314684
422 1322 -0.0453535 -0.302018
422 1382 -0.0294612 -0.293202
422 1442 -0.0143073 -0.288036

482 2 -0.560489 26.2951
482 62 -18.1228 8.49193
482 122 -11.5585 -2.00553
482 182 -6.25538 -3.20474
482 242 -3.68439 -2.70773
482 302 -2.39603 -2.131
482 362 -1.68373 -1.68853
482 422 -1.25043 -1.36777
482 482 -0.964895 -1.13346
482 542 -0.764442 -0.958082
482 602 -0.616758 -0.823229
482 662 -0.503933 -0.716935
482 722 -0.415362 -0.6314
482 782 -0.344364 -0.56145
482 842 -0.286498 -0.503574
482 902 -0.238665 -0.455326
482 962 -0.198618 -0.414959
482 1022 -0.164671 -0.381193
482 1082 -0.135526 -0.353073
482 1142 -0.110158 -0.329876
482 1202 -0.0877452 -0.311048
482 1262 -0.0676089 -0.296169
482 1322 -0.0491796 -0.284921
482 1382 -0.0319655 -0.277071
482 1442 -0.015529 -0.272464

542 2 -0.129652 9.61008
542 62 -6.06381 6.22846
542 122 -6.54236 1.63749
542 182 -4.88273 -0.532954
542 242 -3.38479 -1.17273
542 302 -2.37716 -1.24354
542 362 -1.72785 -1.14583
542 422 -1.3002 -1.01446
542 482 -1.00731 -0.889995
542 542 -0.798385 -0.78216
542 602 -0.643817 -0.691172
542 662 -0.525871 -0.614785
542 722 -0.433546 -0.55049
542 782 -0.359741 -0.496133
542 842 -0.299691 -0.449998
542 902 -0.250078 -0.41076
542 962 -0.208511 -0.377398
542 1022 -0.173213 -0.349121
542 1082 -0.142832 -0.325315
542 1142 -0.116307 -0.3055
542 1202 -0.0927927 -0.289299
542 1262 -0.0715964 -0.27642
542 1322 -0.0521373 -0.266639
542 1382 -0.0339148 -0.25979
542 1442 -0.0164837 -0.255761

602 2 -0.048023 4.80585
602 62 -2.54072 3.8167
602 122 -3.50909 1.95475
602 182 -3.27236 0.520793
602 242 -2.65022 -0.244828
602 302 -2.05405 -0.572794
602 362 -1.58561 -0.679811
602 422 -1.23747 -0.687747
602 482 -0.980399 -0.655158
602 542 -0.788202 -0.60846
602 602 -0.641751 -0.559141
602 662 -0.52788 -0.511967
602 722 -0.437632 -0.468733
602 782 -0.364847 -0.429943
602 842 -0.305218 -0.39556
602 902 -0.255658 -0.365342
602 962 -0.213902 -0.338988
602 1022 -0.178253 -0.3162
602 1082 -0.147403 -0.296706
602 1142 -0.120329 -0.280272
602 1202 -0.0962065 -0.266697
602 1262 -0.0743613 -0.255818
602 1322 -0.0542254 -0.247505
602 1382 -0.0353079 -0.241659
602 1442 -0.0171709 -0.238209

662 2 -0.0225805 2.8129
662 62 -1.26144 2.43627
662 122 -1.97746 1.60532
662 182 -2.12307 0.780408
662 242 -1.93907 0.190756
662 302 -1.64556 -0.159673
662 362 -1.35515 -0.342855
662 422 -1.10644 -0.426039
662 482 -0.904665 -0.453953
662 542 -0.743766 -0.452818
662 602 -0.615533 -0.437195
662 662 -0.512599 -0.414986
662 722 -0.4291 -0.390438
662 782 -0.360565 -0.365818
662 842 -0.303634 -0.342321
662 902 -0.255771 -0.320561
662 962 -0.215046 -0.300837
662 1022 -0.179967 -0.283274
662 1082 -0.149368 -0.267908
662 1142 -0.122316 -0.254721
662 1202 -0.0980522 -0.243679
662 1262 -0.0759498 -0.234735
662 1322 -0.0554751 -0.227845
662 1382 -0.0361639 -0.222971
662 1442 -0.0175994 -0.220085

722 2 -0.0122698 1.80845
722 62 -0.705221 1.63794
722 122 -1.1875 1.22725
722 182 -1.39479 0.754316
722 242 -1.39024 0.350334
722 302 -1.27112 0.059887
722 362 -1.11072 -0.126845
722 422 -0.94912 -0.236991
722 482 -0.803279 -0.29623
722 542 -0.677943 -0.32355
722 602 -0.572464 -0.331591
722 662 -0.484292 -0.328367
722 722 -0.410528 -0.31885
722 782 -0.34851 -0.306098
722 842 -0.295988 -0.291992
722 902 -0.251121 -0.277692
722 962 -0.212424 -0.263914
722 1022 -0.178697 -0.251099
722 1082 -0.148968 -0.239518
722 1142 -0.122441 -0.229336
722 1202 -0.0984547 -0.22065
722 1262 -0.0764499 -0.213516
722 1322 -0.0559461 -0.207962
722 1382 -0.0365196 -0.204005
722 1442 -0.0177865 -0.20165

782 2 -0.00734935 1.23635
782 62 -0.429501 1.14924
782 122 -0.755573 0.927964
782 182 -0.94162 0.648224
782 242 -0.999502 0.379583
782 302 -0.969057 0.160116
782 362 -0.890769 -0.00107446
782 422 -0.793711 -0.110745
782 482 -0.694863 -0.180729
782 542 -0.60255 -0.222394
782 602 -0.519973 -0.244769
782 662 -0.447667 -0.254418
782 722 -0.384948 -0.255907
782 782 -0.330674 -0.252338
782 842 -0.283618 -0.245803
782 902 -0.242627 -0.237705
782 962 -0.206681 -0.228988
782 1022 -0.1749 -0.220291
782 1082 -0.146534 -0.212042
782 1142 -0.120945 -0.204536
782 1202 -0.0975865 -0.197968
782 1262 -0.0759842 -0.192471
782 1322 -0.055722 -0.188134
782 1382 -0.0364269 -0.185013
782 1442 -0.0177568 -0.183146

842 2 -0.00472336 0.881763
842 62 -0.278962 0.833139
842 122 -0.504943 0.705315
842 182 -0.655311 0.533373
842 242 -0.728176 0.354405
842 302 -0.738884 0.194353
842 362 -0.708248 0.0650985
842 422 -0.654678 -0.0319019
842 482 -0.591338 -0.100639
842 542 -0.52638 -0.146898
842 602 -0.464244 -0.176307
842 662 -0.406993 -0.193569
842 722 -0.355299 -0.202331
842 782 -0.309094 -0.205306
842 842 -0.26795 -0.204464
842 902 -0.2313 -0.201223
842 962 -0.198542 -0.196596
842 1022 -0.169102 -0.191306
842 1082 -0.14245 -0.18587
842 1142 -0.118109 -0.180655
842 1202 -0.0956528 -0.175923
842 1262 -0.0746994 -0.17186
842 1322 -0.0549035 -0.168595
842 1382 -0.0359486 -0.166217
842 1442 -0.01754 -0.164783

902 2 -0.00320338 0.64784
902 62 -0.19054 0.618824
902 122 -0.351699 0.540743
902 182 -0.469742 0.4311
902 242 -0.539973 0.310246
902 302 -0.567653 0.194786
902 362 -0.563047 0.0947276
902 422 -0.537065 0.0139703
902 482 -0.498832 -0.0477199
902 542 -0.454949 -0.0927147
902 602 -0.409706 -0.124116
902 662 -0.36564 -0.144969
902 722 -0.324083 -0.157918
902 782 -0.285607 -0.16511
902 842 -0.250334 -0.168225
902 902 -0.218132 -0.168545
902 962 -0.188742 -0.167041
902 1022 -0.161849 -0.164436
902 1082 -0.137122 -0.161269
902 1142 -0.114234 -0.15794
902 1202 -0.0928759 -0.154742
902 1262 -0.0727562 -0.151891
902 1322 -0.0536015 -0.149541
902 1382 -0.0351543 -0.1478
902 1442 -0.0171692 -0.146739

962 2 -0.00226804 0.48584
962 62 -0.135582 0.467613
962 122 -0.253777 0.417751
962 182 -0.346157 0.345543
962 242 -0.408233 0.262552
962 302 -0.441227 0.179258
962 362 -0.450002 0.103099
962 422 -0.440783 0.038101
962 482 -0.419529 -0.014474
962 542 -0.391111 -0.0551613
962 602 -0.359116 -0.085428
962 662 -0.325974 -0.107071
962 722 -0.293215 -0.121864
962 782 -0.26172 -0.131388
962 842 -0.231933 -0.136974
962 902 -0.204017 -0.139701
962 962 -0.177964 -0.140427
962 1022 -0.153662 -0.139819
962 1082 -0.130946 -0.138394
962 1142 -0.10962 -0.136548
962 1202 -0.0894799 -0.13458
962 1262 -0.0703182 -0.132716
962 1322 -0.0519302 -0.131119
962 1382 -0.0341157 -0.129907
962 1442 -0.0166784 -0.129157

1022 2 -0.00166467 0.369117
1022 62 -0.0998779 0.35721
1022 122 -0.188887 0.324241
1022 182 -0.261752 0.275406
1022 242 -0.31484 0.217501
1022 302 -0.347839 0.157171
1022 362 -0.362905 0.0996816
1022 422 -0.363492 0.0484346
1022 482 -0.353354 0.00508506
1022 542 -0.335904 -0.0300355
1022 602 -0.313916 -0.0574387
1022 662 -0.28947 -0.0780765
1022 722 -0.264031 -0.0930596
1022 782 -0.238567 -0.103486
1022 842 -0.21368 -0.110352
1022 902 -0.189706 -0.114515
1022 962 -0.166803 -0.116692
1022 1022 -0.14501 -0.117464
1022 1082 -0.124287 -0.117296
1022 1142 -0.104549 -0.116556
1022 1202 -0.0856788 -0.115529
1022 1262 -0.0675435 -0.114433
1022 1322 -0.0500007 -0.113432
1022 1382 -0.0329032 -0.112642
1022 1442 -0.0161016 -0.112143

1082 2 -0.00126097 0.282126
1082 62 -0.0758658 0.274118
1082 122 -0.144604 0.251747
1082 182 -0.202839 0.218045
1082 242 -0.247774 0.17713
1082 302 -0.278596 0.133265
1082 362 -0.296117 0.0901028
1082 422 -0.302197 0.0502887
1082 482 -0.299144 0.0153976
1082 542 -0.289275 -0.0139107
1082 602 -0.274638 -0.0376435
1082 662 -0.256908 -0.0562277
1082 722 -0.237363 -0.0703094
1082 782 -0.216935 -0.0806128
1082 842 -0.196269 -0.0878504
1082 902 -0.175788 -0.0926753
1082 962 -0.155748 -0.095658
1082 1022 -0.136289 -0.0972818
1082 1082 -0.117465 -0.097946
1082 1142 -0.0992719 -0.0979742
1082 1202 -0.0816662 -0.0976238
1082 1262 -0.0645769 -0.0970956
1082 1322 -0.0479157 -0.0965422
1082 1382 -0.0315825 -0.0960746
1082 1442 -0.0154701 -0.0957682

1142 2 -0.000983314 0.215301
1142 62 -0.0592866 0.209811
1142 122 -0.113691 0.194373
1142 182 -0.161001 0.170817
1142 242 -0.199091 0.141702
1142 302 -0.227047 0.109793
1142 362 -0.245036 0.0776024
1142 422 -0.254007 0.0471007
1142 482 -0.255352 0.0196121
1142 542 -0.250609 -0.00414941
1142 602 -0.241255 -0.0239616
1142 662 -0.228584 -0.0399514
1142 722 -0.213661 -0.052462
1142 782 -0.197319 -0.0619477
1142 842 -0.180182 -0.0688986
1142 902 -0.162699 -0.0737927
1142 962 -0.145178 -0.0770684
1142 1022 -0.12782 -0.0791108
1142 1082 -0.110742 -0.0802485
1142 1142 -0.0940013 -0.0807543
1142 1202 -0.0776094 -0.0808501
1142 1262 -0.0615456 -0.0807118
1142 1322 -0.0457665 -0.0804749
1142 1382 -0.0302122 -0.0802395
1142 1442 -0.0148122 -0.0800736

1202 2 -0.000788633 0.162482
1202 62 -0.0476279 0.158689
1202 122 -0.0917688 0.14797
1202 182 -0.130936 0.131456
1202 242 -0.1635 0.110766
1202 302 -0.1886 0.087705
1202 362 -0.206096 0.063987
1202 422 -0.216428 0.0410384
1202 482 -0.220415 0.0198977
1202 542 -0.219065 0.0012066
1202 602 -0.213428 -0.0147403
1202 662 -0.204486 -0.0279168
1202 722 -0.1931 -0.038482
1202 782 -0.179987 -0.0467065
1202 842 -0.16572 -0.0529151
1202 902 -0.150738 -0.0574459
1202 962 -0.13537 -0.0606234
1202 1022 -0.119846 -0.0627433
1202 1082 -0.104327 -0.0640648
1202 1142 -0.0889088 -0.0648085
1202 1202 -0.0736458 -0.065157
1202 1262 -0.0585555 -0.0652573
1202 1322 -0.0436298 -0.0652242
1202 1382 -0.0288419 -0.0651429
1202 1442 -0.0141521 -0.0650723

1262 2 -0.000650753 0.119537
1262 62 -0.0393518 0.116937
1262 122 -0.076105 0.109562
1262 182 -0.109229 0.0981195
1262 242 -0.137452 0.083635
1262 302 -0.160004 0.0672836
1262 362 -0.176613 0.0502187
1262 422 -0.187433 0.0334409
1262 482 -0.192932 0.0177218
1262 542 -0.193768 0.00358005
1262 602 -0.190683 -0.0087015
1262 662 -0.184421 -0.0190346
1262 722 -0.175672 -0.0274755
1262 782 -0.165043 -0.0341767
1262 842 -0.153045 -0.0393452
1262 902 -0.140091 -0.0432112
1262 962 -0.126507 -0.0460056
1262 1022 -0.11254 -0.0479458
1262 1082 -0.0983708 -0.0492273
1262 1142 -0.0841244 -0.0500196
1262 1202 -0.069882 -0.0504654
1262 1262 -0.0556899 -0.0506813
1262 1322 -0.0415668 -0.0507591
1262 1382 -0.0275117 -0.0507675
1262 1442 -0.0135091 -0.0507543

1322 2 -0.000553286 0.0835876
1322 62 -0.0334909 0.0818655
1322 122 -0.0649539 0.076967
1322 182 -0.093646 0.0693266
1322 242 -0.118544 0.0595834
1322 302 -0.138969 0.0484817
1322 362 -0.154598 0.0367705
1322 422 -0.165431 0.0251198
1322 482 -0.171723 0.014067
1322 542 -0.173905 0.00399396
1322 602 -0.172512 -0.00487027
1322 662 -0.168113 -0.0124289
1322 722 -0.161265 -0.0186888
1322 782 -0.152482 -0.0237299
1322 842 -0.142217 -0.0276781
1322 902 -0.130851 -0.0306822
1322 962 -0.1187 -0.0328978
1322 1022 -0.106012 -0.0344752
1322 1082 -0.0929775 -0.0355526
1322 1142 -0.0797386 -0.0362519
1322 1202 -0.0663943 -0.036677
1322 1262 -0.0530097 -0.0369137
1322 1322 -0.0396229 -0.0370302
1322 1382 -0.0262514 -0.0370779
1322 1442 -0.0128978 -0.0370925

1382 2 -0.000485793 0.0525459
1382 62 -0.0294261 0.0515038
1382 122 -0.0571861 0.0485341
1382 182 -0.0827133 0.0438857
1382 242 -0.105151 0.0379281
1382 302 -0.123895 0.0310969
1382 362 -0.138609 0.0238377
1382 422 -0.149212 0.0165573
1382 482 -0.155838 0.00959108
1382 542 -0.15878 0.0031855
1382 602 -0.158436 -0.00250289
1382 662 -0.155257 -0.00739847
1382 722 -0.149706 -0.0114912
1382 782 -0.142226 -0.0148194
1382 842 -0.133221 -0.017453
1382 902 -0.123044 -0.0194797
1382 962 -0.111995 -0.0209938
1382 1022 -0.100317 -0.0220888
1382 1082 -0.0882047 -0.0228517
1382 1142 -0.0758061 -0.0233605
1382 1202 -0.0632305 -0.023682
1382 1262 -0.0505544 -0.0238722
1382 1322 -0.0378279 -0.0239755
1382 1382 -0.0250809 -0.0240258
1382 1442 -0.0123282 -0.0240467

1442 2 -0.000441636 0.0248278
1442 62 -0.0267627 0.0243464
1442 122 -0.0520735 0.0229729
1442 182 -0.0754654 0.0208188
1442 242 -0.0961842 0.0180499
1442 302 -0.113678 0.0148635
1442 362 -0.127615 0.0114629
1442 422 -0.137879 0.00803651
1442 482 -0.14454 0.00474152
1442 542 -0.147816 0.00169597
1442 602 -0.148027 -0.00102296
1442 662 -0.145553 -0.00337557
1442 722 -0.140797 -0.00535319
1442 782 -0.134153 -0.00697046
1442 842 -0.125991 -0.0082578
1442 902 -0.116642 -0.00925484
1442 962 -0.106388 -0.0100052
1442 1022 -0.0954679 -0.0105524
1442 1082 -0.0840717 -0.0109378
1442 1142 -0.0723488 -0.0111984
1442 1202 -0.060412 -0.0113663
1442 1262 -0.0483427 -0.0114683
1442 1322 -0.0361969 -0.011526
1442 1382 -0.0240106 -0.0115558
1442 1442 -0.0118053 -0.0115691

