2 2 -0.0117959 -43.1524
2 22 -0.226184 -39.0185
2 42 -0.34426 -29.1747
2 62 -0.34699 -17.3742
2 82 -0.276897 -6.85348
2 102 -0.186599 0.870248
2 122 -0.108023 5.72509
2 142 -0.0514602 8.32059
2 162 -0.0154122 9.38491
2 182 0.00539269 9.51729
2 202 0.0161379 9.13666
2 222 0.0207351 8.50926
2 242 0.0217999 7.7932
2 262 0.0209628 7.07682
2 282 0.0191922 6.40591
2 302 0.0170396 5.8015
2 322 0.014805 5.27079
2 342 0.0126403 4.81369
2 362 0.0106136 4.42655
2 382 0.00874671 4.10433
2 402 0.0070399 3.84166
2 422 0.0054941 3.63323
2 442 0.00417514 3.47298
2 462 0.00375845 3.34629
2 482 0.021628 3.08898

22 2 -0.232067 -45.5612
22 22 -4.42156 -40.802
22 42 -6.62334 -29.7161
22 62 -6.53767 -16.9045
22 82 -5.10554 -5.95788
22 102 -3.3711 1.74692
22 122 -1.91166 6.39561
22 142 -0.88472 8.76577
22 162 -0.241192 9.65155
22 182 0.124895 9.66183
22 202 0.310877 9.2047
22 222 0.388044 8.53234
22 242 0.403272 7.79143
22 262 0.385475 7.0623
22 282 0.3517 6.38565
22 302 0.311595 5.7794
22 322 0.270368 5.24889
22 342 0.230637 4.79295
22 362 0.193545 4.40736
22 382 0.159431 4.08674
22 402 0.128248 3.82562
22 422 0.099901 3.61881
22 442 0.0749306 3.46136
22 462 0.0577704 3.34801
22 482 0.0710083 3.28824

42 2 -0.547731 -53.0695
42 22 -10.2303 -46.1171
42 42 -14.5919 -30.9259
42 62 -13.5304 -15.1377
42 82 -9.92647 -3.20098
42 102 -6.18521 4.23972
42 122 -3.30367 8.2092
42 142 -1.39494 9.92818
42 162 -0.251833 10.3286
42 182 0.372768 10.0187
42 202 0.674703 9.36573
42 222 0.787494 8.58038
42 242 0.795355 7.77803
42 262 0.748857 7.01811
42 282 0.677232 6.32819
42 302 0.596747 5.71826
42 322 0.516005 5.18903
42 342 0.439192 4.73667
42 362 0.368009 4.35546
42 382 0.30281 4.03926
42 402 0.243278 3.78227
42 422 0.18887 3.57939
42 442 0.139199 3.42655
42 462 0.0941884 3.32168
42 482 0.0505545 3.26684

62 2 -1.17323 -69.4281
62 22 -21.0173 -56.497
62 42 -27.1046 -31.5159
62 62 -22.2708 -10.3566
62 82 -14.5974 2.33427
62 102 -8.21502 8.58385
62 122 -3.91953 11.0948
62 142 -1.32686 11.6613
62 162 0.117396 11.2851
62 182 0.852366 10.4937
62 202 1.17227 9.55859
62 222 1.26 8.61598
62 242 1.2245 7.73114
62 262 1.1287 6.93196
62 282 1.00789 6.22695
62 302 0.881109 5.61484
62 322 0.75805 5.08986
62 342 0.643094 4.6445
62 362 0.537696 4.27106
62 382 0.44175 3.96233
62 402 0.354377 3.71203
62 422 0.274357 3.51492
62 442 0.200324 3.36696
62 462 0.130587 3.26544
62 482 0.0624429 3.20844

82 2 -2.78655 -106.144
82 22 -46.0561 -74.7249
82 42 -48.5747 -26.3185
82 62 -32.1992 1.26652
82 82 -17.6681 11.8655
82 102 -8.45609 14.7829
82 122 -3.21982 14.7368
82 142 -0.416425 13.6577
82 162 0.990867 12.297
82 182 1.62072 10.9412
82 202 1.82845 9.69397
82 222 1.81502 8.58645
82 242 1.69279 7.62062
82 262 1.52367 6.7872
82 282 1.34087 6.07314
82 302 1.16143 5.46486
82 322 0.993299 4.94963
82 342 0.839421 4.5161
82 362 0.700071 4.15451
82 382 0.574155 3.85662
82 402 0.45994 3.61567
82 422 0.355434 3.42623
82 442 0.258539 3.28412
82 462 0.167046 3.18626
82 482 0.0786406 3.13035

102 2 -7.96746 -203.439
102 22 -121.099 -100.22
102 42 -80.8065 3.95768
102 62 -37.3724 25.1187
102 82 -15.7747 25.3727
102 102 -5.55862 21.8928
102 122 -0.744527 18.3513
102 142 1.46468 15.4083
102 162 2.38643 13.059
102 182 2.66442 11.1839
102 202 2.62455 9.67088
102 222 2.4359 8.43516
102 242 2.18693 7.41539
102 262 1.92344 6.56735
102 282 1.66821 5.85857
102 302 1.43151 5.26474
102 322 1.21688 4.76728
102 342 1.02433 4.35172
102 362 0.852112 4.00673
102 382 0.697677 3.72335
102 402 0.558212 3.49453
102 422 0.430884 3.3148
102 442 0.312937 3.17997
102 462 0.201713 3.08696
102 482 0.094682 3.03358

122 2 -13.3308 556.402
122 22 -343.844 250.965
122 42 -77.4672 90.9044
122 62 -22.8341 57.3165
122 82 -5.23886 38.4551
122 102 1.12193 27.4599
122 122 3.44286 20.7007
122 142 4.1454 16.2926
122 162 4.16022 13.2543
122 182 3.88314 11.0567
122 202 3.49465 9.40236
122 222 3.08001 8.1164
122 242 2.67921 7.09198
122 262 2.30973 6.26101
122 282 1.97753 5.57841
122 302 1.68274 5.0132
122 322 1.42267 4.54335
122 342 1.19337 4.1528
122 362 0.990524 3.82953
122 382 0.809869 3.56443
122 402 0.647389 3.35053
122 422 0.49938 3.18255
122 442 0.362444 3.05649
122 462 0.233451 2.96943
122 482 0.1095 2.9194

142 2 0.771183 426.001
142 22 13.2039 305.896
142 42 16.5188 142.166
142 62 14.4539 71.9016
142 82 11.9999 42.7172
142 102 9.99358 28.5142
142 122 8.39132 20.644
142 142 7.08821 15.8379
142 162 6.00864 12.6743
142 182 5.10287 10.4637
142 202 4.33707 8.84336
142 222 3.68666 7.60961
142 242 3.13259 6.642
142 262 2.65935 5.86598
142 282 2.25394 5.23352
142 302 1.90532 4.71249
142 322 1.60401 4.28068
142 342 1.34191 3.92228
142 362 1.11203 3.62575
142 382 0.908374 3.38251
142 402 0.725763 3.18613
142 422 0.559674 3.03176
142 442 0.406122 2.9158
142 462 0.261536 2.83564
142 482 0.122651 2.78952

162 2 14.1987 581.831
162 22 328.143 285.021
162 42 101.939 90.8438
162 62 46.8496 53.2492
162 82 26.6864 34.5413
162 102 17.4949 24.1705
162 122 12.5645 17.9691
162 142 9.56702 14.0064
162 162 7.56325 11.3249
162 182 6.12609 9.41947
162 202 5.04128 8.00852
162 222 4.19185 6.92746
162 242 3.50889 6.07609
162 262 2.94892 5.39115
162 282 2.48277 4.83137
162 302 2.08978 4.36896
162 322 1.75468 3.98465
162 342 1.46573 3.66475
162 362 1.21371 3.39933
162 382 0.991149 3.18102
162 402 0.791883 3.00431
162 422 0.610731 2.8651
162 442 0.443233 2.76032
162 462 0.285466 2.68778
162 482 0.133881 2.64599

182 2 8.06534 -166.405
182 22 125.056 -76.9395
182 42 90.0646 8.28242
182 62 51.5813 21.7409
182 82 31.5256 20.2004
182 102 20.8733 16.7089
182 122 14.7825 13.6314
182 142 11.0236 11.2445
182 162 8.53921 9.43325
182 182 6.79887 8.04781
182 202 5.52042 6.96943
182 222 4.54488 6.11372
182 242 3.77773 5.42248
182 262 3.15984 4.85569
182 282 2.65237 4.38559
182 302 2.2287 3.99266
182 322 1.86982 3.66294
182 342 1.56163 3.38628
182 362 1.2934 3.15516
182 382 1.05669 2.96398
182 402 0.844704 2.8085
182 422 0.651816 2.68552
182 442 0.47327 2.59268
182 462 0.304917 2.52824
182 482 0.143032 2.49107

202 2 2.60328 -71.2849
202 22 43.9968 -48.9133
202 42 50.2187 -15.5937
202 62 39.1947 2.05669
202 82 28.0867 8.12733
202 102 20.1788 9.4138
202 122 14.887 9.05261
202 142 11.318 8.22422
202 162 8.83966 7.3411
202 182 7.05836 6.53357
202 202 5.73447 5.83162
202 222 4.72042 5.23167
202 242 3.92308 4.7209
202 262 3.28191 4.28563
202 282 2.75625 3.91397
202 302 2.31791 3.59625
202 322 1.94674 3.32489
202 342 1.62784 3.09395
202 362 1.34993 2.89881
202 382 1.10423 2.73589
202 402 0.883693 2.60241
202 422 0.682566 2.4962
202 442 0.495985 2.41566
202 462 0.319733 2.35958
202 482 0.150032 2.32715

222 2 1.05869 -37.6538
222 22 19.4989 -30.3454
222 42 27.3699 -16.5332
222 62 26.2413 -5.29586
222 82 21.8001 1.1106
222 102 17.2476 4.10193
222 122 13.5269 5.2478
222 142 10.6874 5.50369
222 162 8.55253 5.36118
222 182 6.93664 5.05736
222 202 5.69441 4.70292
222 222 4.72161 4.34794
222 242 3.94537 4.01394
222 262 3.3148 3.70916
222 282 2.79398 3.43579
222 302 2.35711 3.19337
222 322 1.98527 2.98044
222 342 1.66428 2.79525
222 362 1.38329 2.63608
222 382 1.13377 2.50139
222 402 0.908889 2.38985
222 422 0.703017 2.30038
222 442 0.511407 2.2321
222 462 0.329932 2.18434
222 482 0.154888 2.15665

242 2 0.521142 -22.6937
242 22 10.0559 -19.7444
242 42 15.7627 -13.3804
242 62 17.1847 -6.8976
242 82 15.9788 -2.08642
242 102 13.7886 0.902049
242 122 11.5201 2.55085
242 142 9.52126 3.36151
242 162 7.86681 3.68809
242 182 6.52801 3.74825
242 202 5.4489 3.66802
242 222 4.57452 3.51846
242 242 3.85915 3.33916
242 262 3.26704 3.15201
242 282 2.77082 2.9691
242 302 2.34968 2.79699
242 322 1.9877 2.63918
242 342 1.67258 2.49745
242 362 1.39464 2.37262
242 382 1.14617 2.26499
242 402 0.920902 2.17456
242 422 0.713604 2.1012
242 442 0.519833 2.04476
242 462 0.335696 2.00505
242 482 0.157684 1.98194

262 2 0.291599 -14.8614
262 22 5.77586 -13.4766
262 42 9.65661 -10.2455
262 62 11.4318 -6.48263
262 82 11.5336 -3.19536
262 102 10.6824 -0.765702
262 122 9.44961 0.846116
262 142 8.16538 1.83244
262 162 6.98066 2.38963
262 182 5.94576 2.66961
262 202 5.0635 2.77719
262 222 4.31793 2.78081
262 242 3.68801 2.72403
262 262 3.15338 2.63423
262 282 2.69629 2.52865
262 302 2.30197 2.4181
262 322 1.95838 2.30943
262 342 1.65576 2.207
262 362 1.38614 2.11354
262 382 1.14299 2.03082
262 402 0.920854 1.95995
262 422 0.715122 1.90161
262 442 0.521802 1.85623
262 462 0.337357 1.82406
262 482 0.15857 1.80526

282 2 0.178454 -10.2843
282 22 3.59121 -9.55861
282 42 6.2512 -7.7806
282 62 7.81776 -5.52476
282 82 8.36595 -3.32899
282 102 8.19108 -1.50227
282 122 7.60603 -0.132425
282 142 6.84418 0.821255
282 162 6.04767 1.44605
282 182 5.29007 1.83069
282 202 4.60256 2.0482
282 222 3.99319 2.15316
282 242 3.45881 2.1844
282 262 2.99157 2.16879
282 282 2.58232 2.12477
282 302 2.22216 2.06489
282 322 1.90302 1.99771
282 342 1.61789 1.9291
282 362 1.36072 1.86308
282 382 1.12633 1.80242
282 402 0.910271 1.74902
282 422 0.708655 1.70419
282 442 0.518052 1.66883
282 462 0.335369 1.64351
282 482 0.157754 1.62862

302 2 0.116684 -7.39151
302 22 2.37235 -6.97886
302 42 4.24129 -5.93477
302 62 5.50917 -4.53154
302 82 6.15496 -3.05943
302 102 6.2922 -1.72699
302 122 6.08158 -0.635462
302 142 5.66954 0.196609
302 162 5.16397 0.79631
302 182 4.63388 1.20766
302 202 4.11845 1.47536
302 222 3.63704 1.63788
302 242 3.1971 1.72567
302 262 2.79942 1.7618
302 282 2.44145 1.76329
302 302 2.11915 1.74252
302 322 1.82801 1.70846
302 342 1.5636 1.66756
302 362 1.32175 1.62448
302 382 1.09868 1.58255
302 402 0.890954 1.54419
302 422 0.695488 1.51111
302 442 0.509462 1.48452
302 462 0.330274 1.46525
302 482 0.155484 1.45382

322 2 0.0803236 -5.45198
322 22 1.64455 -5.20237
322 42 2.99509 -4.55667
322 62 3.99741 -3.65322
322 82 4.61156 -2.65327
322 102 4.87576 -1.69048
322 122 4.86925 -0.847969
322 142 4.67861 -0.160605
322 162 4.37796 0.370489
322 182 4.02224 0.762539
322 202 3.64814 1.03977
322 222 3.27806 1.22679
322 242 2.92434 1.34542
322 262 2.59283 1.41372
322 282 2.28539 1.44599
322 302 2.00159 1.45331
322 322 1.73976 1.44409
322 342 1.49765 1.42471
322 362 1.27278 1.39991
322 382 1.06265 1.37323
322 402 0.864836 1.34732
322 422 0.677015 1.32408
322 442 0.49699 1.30491
322 462 0.322666 1.29077
322 482 0.152032 1.28231

342 2 0.057664 -4.08927
342 22 1.18651 -3.93101
342 42 2.18995 -3.51513
342 62 2.98184 -2.91613
342 82 3.52478 -2.22664
342 102 3.8266 -1.53141
342 122 3.92473 -0.891707
342 142 3.86853 -0.341852
342 162 3.70624 0.106232
342 182 3.47812 0.455608
342 202 3.21441 0.717468
342 222 2.93612 0.906187
342 242 2.65683 1.03631
342 262 2.38472 1.12104
342 282 2.12419 1.1716
342 302 1.87721 1.19723
342 322 1.64417 1.20528
342 342 1.42455 1.20155
342 362 1.21724 1.19054
342 382 1.02085 1.17569
342 402 0.833853 1.15962
342 422 0.654646 1.14431
342 442 0.481614 1.13118
342 462 0.313154 1.12128
342 482 0.147679 1.11526

362 2 0.0429133 -3.09373
362 22 0.886242 -2.98983
362 42 1.65207 -2.71364
362 62 2.28372 -2.3073
362 82 2.75085 -1.82571
362 102 3.04975 -1.32285
362 122 3.19673 -0.841953
362 142 3.21916 -0.411491
362 162 3.14742 -0.0458158
362 182 3.00962 0.251637
362 202 2.82904 0.48456
362 222 2.62351 0.660512
362 242 2.40583 0.788572
362 262 2.18473 0.877862
362 282 1.96582 0.936757
362 302 1.75244 0.972533
362 322 1.54638 0.991287
362 342 1.34833 0.998002
362 362 1.15826 0.996671
362 382 0.975688 0.990449
362 402 0.799834 0.981786
362 422 0.629724 0.972556
362 442 0.464273 0.964156
362 462 0.302327 0.957588
362 482 0.142695 0.953519

382 2 0.0329904 -2.34112
382 22 0.683209 -2.27128
382 42 1.28326 -2.08404
382 62 1.79469 -1.80419
382 82 2.19393 -1.46515
382 102 2.47347 -1.1016
382 122 2.63915 -0.743437
382 142 2.70561 -0.412547
382 162 2.69154 -0.122144
382 182 2.61604 0.122047
382 202 2.49633 0.319853
382 222 2.3467 0.474659
382 242 2.17833 0.59176
382 262 1.99951 0.677167
382 282 1.81617 0.736852
382 302 1.63232 0.77631
382 322 1.45055 0.800361
382 342 1.27237 0.813092
382 362 1.09855 0.817879
382 382 0.929292 0.817456
382 402 0.764414 0.813991
382 422 0.60347 0.809173
382 442 0.445827 0.804275
382 462 0.290727 0.800222
382 482 0.137332 0.797637

402 2 0.0261589 -1.75384
402 22 0.542893 -1.70637
402 42 1.02568 -1.5783
402 62 1.44754 -1.3846
402 82 1.79029 -1.14603
402 102 2.04569 -0.885003
402 122 2.21449 -0.621921
402 142 2.30407 -0.372851
402 162 2.32572 -0.148635
402 182 2.29218 0.0448485
402 202 2.21594 0.20576
402 222 2.10812 0.335149
402 242 1.97807 0.435868
402 262 1.83322 0.511706
402 282 1.67929 0.566752
402 302 1.52051 0.604999
402 322 1.35986 0.630099
402 342 1.19937 0.645259
402 362 1.04033 0.6532
402 382 0.883436 0.656179
402 402 0.728982 0.656016
402 422 0.576932 0.654149
402 442 0.427023 0.651681
402 462 0.278828 0.649416
402 482 0.13181 0.6479

422 2 0.0213951 -1.28118
422 22 0.444757 -1.24909
422 42 0.844077 -1.16212
422 62 1.19969 -1.02942
422 82 1.49736 -0.863969
422 102 1.72928 -0.680188
422 122 1.89378 -0.49175
422 142 1.99417 -0.310004
422 162 2.03711 -0.143187
422 182 2.03108 0.00365281
422 202 1.98506 0.128259
422 222 1.90764 0.230537
422 242 1.80647 0.311875
422 262 1.68806 0.374548
422 282 1.55768 0.421251
422 302 1.41947 0.454761
422 322 1.27658 0.477727
422 342 1.13132 0.492543
422 362 0.985275 0.501293
422 382 0.839515 0.505737
422 402 0.694652 0.507319
422 422 0.550964 0.507195
422 442 0.408475 0.506257
422 462 0.267021 0.505165
422 482 0.126312 0.504367

442 2 0.0180742 -0.888551
442 22 0.37619 -0.867569
442 42 0.716384 -0.810513
442 62 1.02366 -0.72292
442 82 1.28658 -0.61274
442 102 1.49805 -0.489009
442 122 1.65532 -0.360546
442 142 1.75944 -0.234949
442 162 1.81428 -0.118013
442 182 1.82554 -0.0135614
442 202 1.79977 0.0764028
442 222 1.74364 0.15137
442 242 1.66346 0.211923
442 262 1.56485 0.259357
442 282 1.45261 0.295353
442 302 1.33067 0.321741
442 322 1.20219 0.340323
442 342 1.06956 0.352773
442 362 0.934595 0.360578
442 382 0.798543 0.365011
442 402 0.662249 0.367134
442 422 0.526207 0.367803
442 442 0.390649 0.367685
442 462 0.255609 0.367277
442 482 0.120979 0.366917

462 2 0.0158072 -0.551282
462 22 0.329293 -0.538789
462 42 0.628586 -0.504742
462 62 0.90161 -0.452254
462 82 1.13879 -0.38584
462 102 1.3337 -0.310708
462 122 1.4832 -0.232042
462 142 1.58712 -0.154418
462 162 1.64774 -0.0814407
462 182 1.66902 -0.0156006
462 202 1.65592 0.0416864
462 222 1.61382 0.0899176
462 242 1.54802 0.129288
462 262 1.46344 0.160471
462 282 1.36445 0.184421
462 302 1.25477 0.202221
462 322 1.13744 0.214967
462 342 1.0149 0.223699
462 362 0.889021 0.229352
462 382 0.76117 0.23274
462 402 0.632317 0.234545
462 422 0.503095 0.235321
462 442 0.373868 0.235505
462 462 0.2448 0.235421
462 482 0.115909 0.235292

482 2 0.0143517 -0.250921
482 22 0.299126 -0.245369
482 42 0.571812 -0.230218
482 62 0.822014 -0.206806
482 82 1.0413 -0.177084
482 102 1.22375 -0.143321
482 122 1.36612 -0.107799
482 142 1.46772 -0.0725638
482 162 1.52998 -0.0392542
482 182 1.55592 -0.00903018
482 202 1.54961 0.0174205
482 222 1.51561 0.039821
482 242 1.4586 0.0582164
482 262 1.38301 0.0728773
482 282 1.2929 0.0842134
482 302 1.19176 0.0927023
482 322 1.08254 0.0988365
482 342 0.967622 0.103088
482 362 0.848873 0.105886
482 382 0.727705 0.107605
482 402 0.605136 0.108563
482 422 0.481859 0.109018
482 442 0.358306 0.109174
482 462 0.23471 0.109184
482 482 0.111159 0.109151

