2 2 -0.575807 -59.8952
2 7 -3.37851 -55.3843
2 12 -5.809 -43.2975
2 17 -7.48577 -25.3292
2 22 -8.10783 -5.17125
2 27 -7.68089 12.4641
2 32 -6.54347 24.0727
2 37 -5.13895 28.7836
2 42 -3.79592 27.9498
2 47 -2.67343 23.8195
2 52 -1.80945 18.4515
2 57 -1.18132 13.2427
2 62 -0.744842 8.90742
2 67 -0.453527 5.6561
2 72 -0.266489 3.40646
2 77 -0.150934 1.95098
2 82 -0.0822042 1.06233
2 87 -0.0427202 0.545481
2 92 -0.0204882 0.253852
2 97 -0.00743384 0.08502
2 102 0.00256936 -0.0345572
2 107 0.0175989 -0.178288
2 112 0.0651103 -0.509568
2 117 0.360316 -1.88103
2 122 7.84449 -16.2866

7 2 -2.63923 -68.0518
7 7 -15.5584 -63.0274
7 12 -26.9303 -49.3682
7 17 -34.7209 -28.5682
7 22 -37.0763 -4.95014
7 27 -33.9934 15.4656
7 32 -27.5655 28.353
7 37 -20.3529 33.022
7 42 -14.0122 31.4579
7 47 -9.14514 26.4291
7 52 -5.71651 20.2602
7 57 -3.44243 14.433
7 62 -2.00317 9.65848
7 67 -1.12789 6.11268
7 72 -0.614583 3.67451
7 77 -0.323651 2.10324
7 82 -0.16379 1.14635
7 87 -0.0777927 0.591267
7 92 -0.0307617 0.280109
7 97 -0.000848111 0.10453
7 102 0.0291087 -0.00841943
7 107 0.0845765 -0.114432
7 112 0.240133 -0.271595
7 117 0.788286 -0.483561
7 122 2.22996 0.413508

12 2 -4.78925 -86.4946
12 7 -28.4852 -80.6211
12 12 -50.1712 -63.7641
12 17 -65.5922 -36.2129
12 22 -69.7649 -3.74984
12 27 -62.4041 23.4959
12 32 -48.8918 38.9336
12 37 -34.9214 42.8917
12 42 -23.3873 39.2464
12 47 -14.9288 32.002
12 52 -9.16284 23.996
12 57 -5.43114 16.8175
12 62 -3.11512 11.1194
12 67 -1.73014 6.97538
12 72 -0.930286 4.16655
12 77 -0.483514 2.37484
12 82 -0.241504 1.2922
12 87 -0.11322 0.66888
12 92 -0.0444098 0.323978
12 97 -0.00260335 0.136819
12 102 0.034125 0.0321067
12 107 0.0871582 -0.0325896
12 112 0.186873 -0.0655842
12 117 0.353085 -0.000238182
12 122 0.386244 0.312371

17 2 -7.15562 -116.313
17 7 -43.3081 -110.184
17 12 -79.2238 -89.847
17 17 -107.514 -50.5771
17 22 -114.159 0.224342
17 27 -97.3494 40.2941
17 32 -71.9117 58.3648
17 37 -48.9816 59.3899
17 42 -31.7325 51.4604
17 47 -19.8079 40.3827
17 52 -11.9733 29.4597
17 57 -7.02037 20.2382
17 62 -3.99396 13.1854
17 67 -2.20389 8.18144
17 72 -1.17861 4.84766
17 77 -0.60977 2.7474
17 82 -0.303563 1.49039
17 87 -0.142542 0.773008
17 92 -0.0577657 0.381006
17 97 -0.00946267 0.174761
17 102 0.0257761 0.0701141
17 107 0.0625492 0.0224904
17 112 0.107098 0.0179392
17 117 0.142327 0.0654981
17 122 0.105206 0.155681

22 2 -9.34782 -157.914
22 7 -58.1214 -154.292
22 12 -114.036 -135.374
22 17 -170.614 -79.9858
22 22 -182.893 13.3194
22 27 -139.993 75.3096
22 32 -93.8871 90.7362
22 37 -60.2417 83.3645
22 42 -37.6856 67.8531
22 47 -23.0384 51.1208
22 52 -13.7479 36.2688
22 57 -7.99487 24.4283
22 62 -4.5237 15.6879
22 67 -2.48705 9.63111
22 72 -1.32674 5.66175
22 77 -0.685411 3.19068
22 82 -0.341293 1.72506
22 87 -0.161229 0.895134
22 92 -0.0678318 0.44582
22 97 -0.0174593 0.213474
22 102 0.0137417 0.100271
22 107 0.0375992 0.0526102
22 112 0.0563535 0.0447497
22 117 0.0614358 0.0640105
22 122 0.0381012 0.0929592

27 2 -10.4366 -208.346
27 7 -66.56 -212.426
27 12 -142.265 -212.626
27 17 -268.738 -166.709
27 22 -311.242 76.0118
27 27 -177.911 147.855
27 32 -106.092 138.229
27 37 -64.7689 113.563
27 42 -39.5408 87.0359
27 47 -23.8526 63.2111
27 52 -14.1235 43.7715
27 57 -8.17499 28.9868
27 62 -4.61287 18.3893
27 67 -2.53235 11.1884
27 72 -1.35025 6.53353
27 77 -0.697875 3.66435
27 82 -0.348215 1.97523
27 87 -0.165691 1.0245
27 92 -0.0719397 0.512846
27 97 -0.0232314 0.250309
27 102 0.00372188 0.123582
27 107 0.0200279 0.0691473
27 112 0.0289267 0.0531958
27 117 0.0285331 0.0568792
27 122 0.0163434 0.0662298

32 2 -10.0814 739.363
32 7 -64.1525 724.745
32 12 -136.687 688.74
32 17 -259.444 597.79
32 22 -286.624 373.934
32 27 -163.483 250.408
32 32 -97.5138 191.214
32 37 -59.5075 144.804
32 42 -36.2927 106.262
32 47 -21.8678 75.137
32 52 -12.9356 51.1054
32 57 -7.48307 33.4184
32 62 -4.22232 21.0067
32 67 -2.31933 12.6943
32 72 -1.23825 7.37589
32 77 -0.641324 4.12195
32 82 -0.321112 2.21682
32 87 -0.153948 1.14904
32 92 -0.0684759 0.576422
32 97 -0.0249968 0.28345
32 102 -0.00244834 0.141879
32 107 0.00941429 0.0792888
32 112 0.0145972 0.056426
32 117 0.0139136 0.0520424
32 122 0.00775783 0.0539433

37 2 -7.48379 694.787
37 7 -46.3943 673.656
37 12 -90.2878 621.517
37 17 -131.895 528.111
37 22 -138.244 422.446
37 27 -106.958 311.596
37 32 -71.7479 231.387
37 37 -45.861 170.353
37 42 -28.534 122.454
37 47 -17.3476 85.3031
37 52 -10.305 57.3874
37 57 -5.97542 37.2209
37 62 -3.37828 23.2541
37 67 -1.85998 13.9883
37 72 -0.996001 8.10049
37 77 -0.517891 4.51622
37 82 -0.26068 2.42536
37 87 -0.12601 1.25659
37 92 -0.0570992 0.630962
37 97 -0.0223201 0.311101
37 102 -0.00482183 0.156055
37 107 0.00378742 0.0861543
37 112 0.00723302 0.0582102
37 117 0.00697963 0.0494286
37 122 0.00392148 0.0480389

42 2 -4.43585 664.956
42 7 -26.7854 642.247
42 12 -48.6379 590.008
42 17 -64.7004 510.847
42 22 -67.649 430.01
42 27 -57.7854 335.723
42 32 -42.2513 253.964
42 37 -28.3006 186.983
42 42 -17.9932 133.688
42 47 -11.0359 92.5557
42 52 -6.57681 61.9211
42 57 -3.81976 39.9775
42 62 -2.16412 24.8864
42 67 -1.19587 14.9296
42 72 -0.643992 8.62883
42 77 -0.337433 4.80474
42 82 -0.171484 2.57869
42 87 -0.0838708 1.33605
42 92 -0.0386244 0.671348
42 97 -0.0156353 0.331413
42 102 -0.00410236 0.166156
42 107 0.00146081 0.090782
42 112 0.00363827 0.0594094
42 117 0.00360624 0.0481398
42 122 0.00208254 0.0451348

47 2 -1.64302 649.912
47 7 -9.79568 627.34
47 12 -17.297 577.133
47 17 -22.3459 504.788
47 22 -23.2641 431.879
47 27 -20.2632 344.518
47 32 -15.065 263.979
47 37 -10.054 195.178
47 42 -6.26312 139.481
47 47 -3.73729 96.3458
47 52 -2.1709 64.2864
47 57 -1.23932 41.406
47 62 -0.698724 25.7272
47 67 -0.389557 15.4133
47 72 -0.214447 8.90105
47 77 -0.116091 4.95462
47 82 -0.0613549 2.65943
47 87 -0.0312092 1.37866
47 92 -0.0147725 0.693462
47 97 -0.00588448 0.342754
47 102 -0.00114422 0.171851
47 107 0.00123687 0.0933665
47 112 0.002142 0.0600634
47 117 0.0020167 0.0474702
47 122 0.00118217 0.0436571

52 2 0.891226 648.093
52 7 5.21374 625.476
52 12 8.85267 575.484
52 17 11.2119 504.137
52 22 12.1295 432.499
52 27 11.7364 346.11
52 32 10.1394 265.574
52 37 7.97365 196.243
52 42 5.79653 140.006
52 47 3.94036 96.5209
52 52 2.52444 64.2937
52 57 1.53186 41.3583
52 62 0.883 25.6772
52 67 0.484217 15.3781
52 72 0.252757 8.88136
52 77 0.12562 4.94585
52 82 0.0595231 2.65682
52 87 0.027072 1.3789
52 92 0.012114 0.694672
52 97 0.00571557 0.344028
52 102 0.00321117 0.172807
52 107 0.00228201 0.0938558
52 112 0.001828 0.0600362
52 117 0.00136988 0.0469637
52 122 0.000758364 0.0428144

57 2 3.44732 658.852
57 7 20.3643 635.55
57 12 35.2813 583.348
57 17 45.1507 507.935
57 22 47.9155 432.629
57 27 44.0312 342.289
57 32 35.472 259.954
57 37 25.99 190.654
57 42 17.7792 135.368
57 47 11.5328 93.0649
57 52 7.15245 61.9041
57 57 4.2585 39.8012
57 62 2.43874 24.7136
57 67 1.34439 14.8096
57 72 0.713594 8.56096
57 77 0.364765 4.77323
57 82 0.179646 2.56794
57 87 0.0853883 1.3352
57 92 0.0393681 0.674198
57 97 0.017842 0.334914
57 102 0.00819085 0.168937
57 107 0.00400402 0.0922165
57 112 0.0021661 0.0592146
57 117 0.0012358 0.0463481
57 122 0.000589767 0.0421883

62 2 6.24844 682.961
62 7 37.4291 658.836
62 12 66.783 602.594
62 17 87.6317 517.198
62 22 92.4491 431.485
62 27 81.716 331.066
62 32 62.5873 245.647
62 37 43.9304 177.779
62 42 29.1322 125.431
62 47 18.5056 86.0306
62 52 11.3256 57.2107
62 57 6.6928 36.8146
62 62 3.82135 22.8917
62 67 2.10807 13.7419
62 72 1.12334 7.95937
62 77 0.578122 4.44727
62 82 0.287378 2.39811
62 87 0.138096 1.25015
62 92 0.0643148 0.633271
62 97 0.0292155 0.31599
62 102 0.0131265 0.160505
62 107 0.00598054 0.0885423
62 112 0.00284035 0.0575628
62 117 0.00138528 0.0454748
62 122 0.000564344 0.0415503

67 2 9.14601 721.58
67 7 56.1498 698.376
67 12 106.511 639.897
67 17 150.395 536.875
67 22 158.441 425.334
67 27 128.788 304.982
67 32 90.6729 218.682
67 37 60.2383 156.443
67 42 38.665 110.173
67 47 24.1016 75.7051
67 52 14.5947 50.5031
67 57 8.57803 32.6128
67 62 4.8882 20.3508
67 67 2.69808 12.2587
67 72 1.44135 7.12406
67 77 0.744876 3.99361
67 82 0.372376 2.16062
67 87 0.18021 1.13035
67 92 0.0846159 0.575054
67 97 0.0387511 0.288719
67 102 0.0174952 0.148157
67 107 0.00792676 0.0830812
67 112 0.00366899 0.0551248
67 117 0.00169916 0.0442733
67 122 0.000625767 0.0407694

72 2 11.3046 773.504
72 7 71.328 756.163
72 12 147.947 709.807
72 17 258.109 595.229
72 22 280.625 391.627
72 27 180.16 245.174
72 32 112.845 174.72
72 37 71.1705 126.712
72 42 44.5633 90.4789
72 47 27.4418 62.8934
72 52 16.5236 42.3526
72 57 9.69272 27.5629
72 62 5.52535 17.3131
72 67 3.05568 10.4886
72 72 1.63756 6.12651
72 77 0.849889 3.45054
72 82 0.427183 1.87525
72 87 0.208158 0.985672
72 92 0.0986129 0.504286
72 97 0.0457009 0.255291
72 102 0.0209616 0.132853
72 107 0.009683 0.0762137
72 112 0.00456484 0.0520055
72 117 0.00212537 0.0427163
72 122 0.000749047 0.0397605

77 2 11.3497 -168.453
77 7 72.0936 -175.408
77 12 153.228 -186.922
77 17 298.278 -173.213
77 22 355.388 106.425
77 27 191.511 141.258
77 32 115.999 118.791
77 37 72.4979 92.5604
77 42 45.3107 68.7736
77 47 27.9331 49.0291
77 52 16.8627 33.6022
77 57 9.92528 22.1561
77 62 5.6803 14.0603
77 67 3.15521 8.58974
77 72 1.69916 5.05326
77 77 0.886731 2.86407
77 82 0.448606 1.5657
77 87 0.220399 0.827932
77 92 0.105595 0.426662
77 97 0.0497577 0.218342
77 102 0.0234037 0.115751
77 107 0.0112044 0.0683991
77 112 0.00551031 0.0483408
77 117 0.00265421 0.0407921
77 122 0.000927431 0.0384522

82 2 9.5988 -115.153
82 7 59.6261 -114.255
82 12 117.259 -104.24
82 17 178.302 -63.9129
82 22 191.999 15.861
82 27 144.789 63.1299
82 32 97.7851 69.9319
82 37 64.0106 61.2312
82 42 41.0261 48.399
82 47 25.7064 35.832
82 52 15.7037 25.1886
82 57 9.33122 16.9152
82 62 5.38391 10.885
82 67 3.01281 6.7242
82 72 1.63414 3.99246
82 77 0.859164 2.28101
82 82 0.438348 1.25615
82 87 0.217682 0.669228
82 92 0.105896 0.348033
82 97 0.0510801 0.180591
82 102 0.0249053 0.0980424
82 107 0.0125391 0.0601066
82 112 0.0065328 0.0442644
82 117 0.00329866 0.0384841
82 122 0.0011632 0.036769

87 2 6.99523 -73.4946
87 7 42.2813 -70.1723
87 12 77.2395 -58.2063
87 17 105.046 -32.7782
87 22 111.903 1.81511
87 27 96 28.0845
87 32 72.0719 38.3748
87 37 50.3455 37.6575
87 42 33.6003 31.8694
87 47 21.6295 24.6595
87 52 13.4714 17.8713
87 57 8.12424 12.2709
87 62 4.74439 8.03158
87 67 2.6828 5.02892
87 72 1.46931 3.01938
87 77 0.780129 1.74171
87 82 0.402495 0.967643
87 87 0.202798 0.520198
87 92 0.100764 0.273589
87 97 0.0502159 0.144463
87 102 0.025704 0.0807917
87 107 0.0137892 0.0517469
87 112 0.00767502 0.0398813
87 117 0.00407473 0.0357594
87 122 0.0014595 0.0346249

92 2 4.62776 -44.6747
92 7 27.4636 -41.7507
92 12 48.1714 -33.2226
92 17 62.9092 -18.7686
92 22 67.3278 -1.41668
92 27 61.2106 12.8969
92 32 49.263 20.5397
92 37 36.4358 22.0952
92 42 25.3699 19.9058
92 47 16.8487 16.097
92 52 10.7437 12.0471
92 57 6.59993 8.4751
92 62 3.91306 5.65316
92 67 2.24197 3.59408
92 72 1.24301 2.18546
92 77 0.668346 1.27461
92 82 0.349952 0.715364
92 87 0.179852 0.388681
92 92 0.0920227 0.207222
92 97 0.0479357 0.111798
92 102 0.0261019 0.0648065
92 107 0.0150576 0.0436224
92 112 0.00896155 0.0352532
92 117 0.00498181 0.0325696
92 122 0.00181281 0.0319294

97 2 2.88453 -26.2015
97 7 16.9612 -24.2695
97 12 29.2083 -19.0587
97 17 37.6323 -11.0379
97 22 40.609 -1.87575
97 27 38.1665 5.99043
97 32 32.1352 10.8581
97 37 24.8404 12.553
97 42 17.9603 11.9224
97 47 12.2989 10.037
97 52 8.03901 7.74944
97 57 5.03986 5.58717
97 62 3.04012 3.80111
97 67 1.76887 2.45618
97 72 0.995367 1.51418
97 77 0.543784 0.893809
97 82 0.290339 0.507359
97 87 0.153301 0.279038
97 92 0.0816271 0.151182
97 97 0.0450267 0.0836911
97 102 0.0263646 0.0505722
97 107 0.0163946 0.0359077
97 112 0.010369 0.030401
97 117 0.0059866 0.0288639
97 122 0.00220718 0.0286044

102 2 1.72947 -14.9136
102 7 10.1336 -13.79
102 12 17.3331 -10.8295
102 17 22.2749 -6.4569
102 22 24.2552 -1.55686
102 27 23.3136 2.75894
102 32 20.2507 5.66515
102 37 16.1873 6.94431
102 42 12.0796 6.88977
102 47 8.50644 6.00723
102 52 5.69616 4.77261
102 57 3.64675 3.52275
102 62 2.24121 2.44388
102 67 1.32699 1.6054
102 72 0.760041 1.00384
102 77 0.423637 0.600135
102 82 0.232091 0.344842
102 87 0.127067 0.192238
102 92 0.0712634 0.106092
102 97 0.0421119 0.0604896
102 102 0.0266409 0.0382544
102 107 0.0177621 0.0286603
102 112 0.0118095 0.0253231
102 117 0.0070159 0.0246114
102 122 0.00261188 0.0246083

107 2 1.00973 -8.23565
107 7 5.91405 -7.6299
107 12 10.1048 -6.02674
107 17 13.0137 -3.69518
107 22 14.2988 -1.0951
107 27 13.9793 1.24008
107 32 12.4276 2.90104
107 37 10.1975 3.7372
107 42 7.81362 3.84434
107 47 5.64179 3.4535
107 52 3.86591 2.81399
107 57 2.52789 2.12228
107 62 1.58476 1.49972
107 67 0.956944 1.00101
107 72 0.55981 0.634777
107 77 0.320028 0.384384
107 82 0.181298 0.223672
107 87 0.103993 0.126495
107 92 0.0621039 0.0712216
107 97 0.0395522 0.0419138
107 102 0.0269311 0.0277569
107 107 0.0190294 0.0218558
107 112 0.0131362 0.0200224
107 117 0.00796213 0.0198257
107 122 0.00298378 0.0199596

112 2 0.58315 -4.36349
112 7 3.42017 -4.05674
112 12 5.85426 -3.22938
112 17 7.57247 -2.02937
112 22 8.39448 -0.688582
112 27 8.324 0.534989
112 32 7.53987 1.43901
112 37 6.32229 1.93483
112 42 4.95636 2.05031
112 47 3.66137 1.88794
112 52 2.56512 1.57167
112 57 1.71373 1.20777
112 62 1.09747 0.867638
112 67 0.6776 0.587601
112 72 0.406482 0.377512
112 77 0.239711 0.231389
112 82 0.141499 0.136296
112 87 0.0857329 0.078181
112 92 0.0547739 0.0449013
112 97 0.0374561 0.0272425
112 102 0.0271154 0.0188066
112 107 0.0200055 0.0154296
112 112 0.0141703 0.0145312
112 117 0.00870189 0.0145838
112 122 0.00327453 0.0147529

117 2 0.347837 -2.10672
117 7 2.04495 -1.96568
117 12 3.51205 -1.57626
117 17 4.56789 -1.00991
117 22 5.1085 -0.374333
117 27 5.12995 0.21293
117 32 4.72239 0.658267
117 37 4.03499 0.916331
117 42 3.22845 0.993444
117 47 2.43582 0.932221
117 52 1.74328 0.789041
117 57 1.18993 0.615383
117 62 0.779053 0.447968
117 67 0.492599 0.307017
117 72 0.303735 0.199402
117 77 0.185292 0.123482
117 82 0.114209 0.0734991
117 87 0.0730027 0.0426768
117 92 0.0494947 0.0249231
117 97 0.035777 0.0154953
117 102 0.0270286 0.0110331
117 107 0.0204981 0.00931043
117 112 0.0147451 0.00892412
117 117 0.00912333 0.00902989
117 122 0.00344081 0.00916016

122 2 0.240321 -0.684693
122 7 1.41635 -0.640325
122 12 2.44069 -0.515911
122 17 3.19032 -0.334429
122 22 3.59382 -0.130053
122 27 3.64446 0.0602145
122 32 3.39626 0.206624
122 37 2.94345 0.294017
122 42 2.39206 0.32321
122 47 1.83457 0.306773
122 52 1.33524 0.262301
122 57 0.927216 0.20646
122 62 0.617988 0.15156
122 67 0.398333 0.104678
122 72 0.250992 0.0684785
122 77 0.157077 0.0427007
122 82 0.099803 0.0255964
122 87 0.0660165 0.0149807
122 92 0.046313 0.00883668
122 97 0.03445 0.00556629
122 102 0.0265526 0.00402199
122 107 0.0203794 0.00343455
122 112 0.0147523 0.00331388
122 117 0.00915411 0.00336224
122 122 0.00345477 0.00341353

