2 2 -0.19756 -4.729
2 7 -1.21155 -5.03254
2 12 -2.18548 -4.51538
2 17 -2.89012 -2.63162
2 22 -3.07606 0.195925
2 27 -2.70658 2.6655
2 32 -2.01065 3.75213
2 37 -1.28907 3.46301
2 42 -0.727191 2.48405
2 47 -0.366216 1.47631
2 52 -0.166244 0.751832
2 57 -0.0684484 0.334907
2 62 -0.0256647 0.132292
2 67 -0.00878895 0.0467814
2 72 -0.00275879 0.0148565
2 77 -0.000808059 0.00397534
2 82 -0.000253087 -0.000231261
2 87 -0.000123024 -0.0043592
2 92 2.37952e-05 -0.0135381
2 97 0.000815758 -0.0355057
2 102 0.00401165 -0.0857387
2 107 0.0154624 -0.20364
2 112 0.0616663 -0.531894
2 117 0.357354 -1.90905
2 122 7.84322 -16.3194

7 2 -0.89914 -7.42097
7 7 -5.58119 -7.86831
7 12 -10.301 -7.07023
7 17 -13.848 -4.01299
7 22 -14.686 0.596415
7 27 -12.5675 4.47072
7 32 -8.90115 5.96366
7 37 -5.37156 5.29829
7 42 -2.83228 3.68878
7 47 -1.32897 2.14393
7 52 -0.561796 1.07496
7 57 -0.215695 0.474154
7 62 -0.0756245 0.186339
7 67 -0.0243057 0.0658159
7 72 -0.00717746 0.0209725
7 77 -0.00192322 0.00579652
7 82 -0.000323394 0.000385942
7 87 0.000605574 -0.00367509
7 92 0.00261508 -0.0115034
7 97 0.00856784 -0.0291631
7 102 0.0256625 -0.0666544
7 107 0.0748291 -0.142796
7 112 0.228907 -0.293686
7 117 0.779514 -0.508797
7 122 2.22633 0.384889

12 2 -1.93601 -14.3494
12 7 -12.1456 -15.355
12 12 -22.9863 -14.126
12 17 -31.5495 -7.86888
12 22 -33.3465 2.00493
12 27 -27.6603 9.80166
12 32 -18.7358 12.0416
12 37 -10.8259 10.0332
12 42 -5.50752 6.63808
12 47 -2.51434 3.71067
12 52 -1.0414 1.80763
12 57 -0.393854 0.780953
12 62 -0.136566 0.302524
12 67 -0.0435382 0.105863
12 72 -0.0127815 0.0336054
12 77 -0.00341112 0.00952386
12 82 -0.000598471 0.00169949
12 87 0.000864663 -0.00219261
12 92 0.0035803 -0.0075283
12 97 0.0108694 -0.0180462
12 102 0.0295076 -0.03714
12 107 0.0739268 -0.0653478
12 112 0.171728 -0.0868352
12 117 0.341304 -0.0205828
12 122 0.381384 0.290819

17 2 -3.44082 -27.7016
17 7 -22.0685 -30.515
17 12 -43.9671 -29.8171
17 17 -63.4847 -16.9421
17 22 -67.1661 6.18581
17 27 -52.575 22.7056
17 32 -33.0801 25.0404
17 37 -17.9825 19.2208
17 42 -8.75987 11.9816
17 47 -3.88506 6.42178
17 52 -1.5796 3.03778
17 57 -0.590732 1.28611
17 62 -0.203595 0.491481
17 67 -0.0647582 0.170515
17 72 -0.0190239 0.0539187
17 77 -0.00511471 0.0154829
17 82 -0.00102938 0.00366162
17 87 0.000720709 -0.000439342
17 92 0.00322863 -0.00341588
17 97 0.00922218 -0.00762156
17 102 0.022783 -0.0130903
17 107 0.0494297 -0.0157515
17 112 0.0915649 -0.00242779
17 117 0.130146 0.0508064
17 122 0.100164 0.142321

22 2 -5.12851 -49.4001
22 7 -34.0356 -57.2834
22 12 -74.1664 -62.948
22 17 -121.042 -40.1651
22 22 -130.166 19.4497
22 27 -89.7388 53.0662
22 32 -50.2509 49.7241
22 37 -25.3786 34.445
22 42 -11.8384 20.1458
22 47 -5.12063 10.3702
22 52 -2.05335 4.77961
22 57 -0.762775 1.99
22 62 -0.262392 0.7526
22 67 -0.0835863 0.259576
22 72 -0.0246591 0.081906
22 77 -0.00669887 0.0236725
22 82 -0.00149914 0.00617228
22 87 0.000362102 0.00120691
22 92 0.0022545 -0.00023599
22 97 0.00615584 -0.000372682
22 102 0.0140167 0.00146167
22 107 0.0271166 0.0082145
22 112 0.043012 0.0248847
22 117 0.0507834 0.054588
22 122 0.033662 0.0873762

27 2 -6.1471 -78.4834
27 7 -42.1006 -96.8878
27 12 -101.876 -127.116
27 17 -218.91 -120.734
27 22 -258.836 82.3309
27 27 -127.607 120.84
27 32 -62.2466 89.1427
27 37 -29.6653 55.3871
27 42 -13.4748 30.598
27 47 -5.75891 15.2441
27 52 -2.29974 6.89039
27 57 -0.854827 2.83583
27 62 -0.295171 1.06566
27 67 -0.0945982 0.36654
27 72 -0.0281296 0.115664
27 77 -0.0077353 0.0335744
27 82 -0.00185475 0.00906255
27 87 3.42394e-07 0.00259963
27 92 0.00128807 0.0018121
27 97 0.00346287 0.00378977
27 102 0.00740422 0.00886621
27 107 0.013191 0.0183973
27 112 0.0189785 0.0332569
27 117 0.0203465 0.0516505
27 122 0.0128957 0.0670514

32 2 -6.47076 889.18
32 7 -43.5757 857.574
32 12 -102.649 786.426
32 17 -217.098 649.03
32 22 -240.325 381.949
32 27 -118.446 219.193
32 32 -58.1181 134.565
32 37 -27.8928 77.8689
32 42 -12.7667 41.528
32 47 -5.50152 20.2935
32 52 -2.21674 9.07413
32 57 -0.832013 3.71358
32 62 -0.29031 1.39243
32 67 -0.0940861 0.479063
32 72 -0.028314 0.151502
32 77 -0.00789857 0.0441683
32 82 -0.0019815 0.0120803
32 87 -0.000242439 0.0037369
32 92 0.000609548 0.00299236
32 97 0.00170759 0.00588643
32 102 0.00350112 0.0122463
32 107 0.00590703 0.0224797
32 112 0.00803469 0.0358935
32 117 0.0082612 0.0497336
32 122 0.00534226 0.0594698

37 2 -4.62155 860.857
37 7 -30.0777 820.588
37 12 -63.2309 729.32
37 17 -97.9594 584.746
37 22 -101.625 431.408
37 27 -71.711 276.883
37 32 -40.9279 168.425
37 37 -21.0874 96.0758
37 42 -10.0542 50.7434
37 47 -4.45487 24.6586
37 52 -1.83432 10.9975
37 57 -0.701413 4.49903
37 62 -0.248968 1.68918
37 67 -0.0820264 0.582718
37 72 -0.0250899 0.184989
37 77 -0.00712093 0.0541966
37 82 -0.00184642 0.014922
37 87 -0.000341062 0.00465065
37 92 0.000229832 0.00364127
37 97 0.000759035 0.00685458
37 102 0.0015277 0.0136865
37 107 0.00249929 0.0240831
37 112 0.00331528 0.0368032
37 117 0.00340053 0.0489285
37 122 0.00236475 0.0567103

42 2 -2.65135 842.69
42 7 -16.6255 799.305
42 12 -31.7895 705.139
42 17 -43.5587 571.425
42 22 -44.9295 439.285
42 27 -36.0367 298.43
42 32 -23.2577 186.535
42 37 -13.0093 107.531
42 42 -6.54984 57.0521
42 47 -3.01753 27.8018
42 52 -1.28116 12.4313
42 57 -0.502902 5.10052
42 62 -0.182811 1.92168
42 67 -0.0616037 0.66564
42 72 -0.0192601 0.21231
42 77 -0.00558789 0.0625306
42 82 -0.00149232 0.0173037
42 87 -0.000324985 0.00535642
42 92 5.6968e-05 0.00400026
42 97 0.000312944 0.00728221
42 102 0.000635902 0.0142793
42 107 0.00103056 0.0247198
42 112 0.00136882 0.0371686
42 117 0.00144897 0.0486768
42 122 0.0011326 0.0557632

47 2 -1.14961 833.37
47 7 -7.02664 789.332
47 12 -12.7489 695.829
47 17 -16.651 567.289
47 22 -17.1843 441.182
47 27 -14.5297 305.927
47 32 -10.0711 194.404
47 37 -6.00405 113.261
47 42 -3.18671 60.4963
47 47 -1.53647 29.621
47 52 -0.680091 13.298
47 57 -0.277794 5.47731
47 62 -0.104969 2.07205
47 67 -0.0367375 0.720897
47 72 -0.0119181 0.231046
47 77 -0.00358481 0.0684048
47 82 -0.000994739 0.0190199
47 87 -0.000236992 0.00585269
47 92 -1.05442e-06 0.0042023
47 97 0.000125608 0.00747138
47 102 0.000265142 0.014525
47 107 0.000434217 0.0249857
47 112 0.000591296 0.037344
47 117 0.000664573 0.0486391
47 122 0.000598038 0.0554724

52 2 -0.00396405 830.558
52 7 0.0307008 786.515
52 12 0.158409 693.461
52 17 0.28173 566.305
52 22 0.337752 441.6
52 27 0.312365 307.716
52 32 0.154752 196.46
52 37 -0.00441609 114.887
52 42 -0.0883811 61.549
52 47 -0.0995705 30.2192
52 52 -0.074692 13.6052
52 57 -0.0444894 5.62155
52 62 -0.0223825 2.13421
52 67 -0.00980692 0.745505
52 72 -0.00381055 0.240001
52 77 -0.0013282 0.0714043
52 82 -0.000416349 0.0199502
52 87 -0.000110361 0.00613214
52 92 -4.22157e-06 0.00430892
52 97 5.47474e-05 0.00755778
52 102 0.00011904 0.0146331
52 107 0.000199428 0.025108
52 112 0.000282677 0.0374423
52 117 0.000341569 0.0486662
52 122 0.000350249 0.0554041

57 2 1.18969 833.424
57 7 7.38559 789.591
57 12 13.6107 696.203
57 17 17.9304 567.461
57 22 18.6232 441.327
57 27 15.8307 305.65
57 32 10.8566 193.978
57 37 6.27062 112.951
57 42 3.14803 60.377
57 47 1.40001 29.63
57 52 0.5572 13.3523
57 57 0.199375 5.52819
57 62 0.0641853 2.1048
57 67 0.0185413 0.737867
57 72 0.00477169 0.238537
57 77 0.00107793 0.0713037
57 82 0.000208125 0.0200265
57 87 3.5949e-05 0.00618679
57 92 1.63773e-05 0.00434485
57 97 3.14948e-05 0.00759662
57 102 6.2288e-05 0.0146858
57 107 0.000105732 0.0251721
57 112 0.000155522 0.0375034
57 117 0.000199648 0.0487041
57 122 0.000224594 0.0554035

62 2 2.80001 843.226
62 7 17.6479 800.267
62 12 33.7991 706.242
62 17 46.197 571.925
62 22 47.8619 439.611
62 27 38.846 297.638
62 32 25.1753 185.3
62 37 13.9408 106.601
62 42 6.84861 56.6277
62 47 3.03816 27.7255
62 52 1.2271 12.4965
62 57 0.453062 5.18349
62 62 0.153234 1.97951
62 67 0.0475335 0.696629
62 72 0.0135328 0.226227
62 77 0.00353736 0.0679716
62 82 0.000849883 0.0192113
62 87 0.000190444 0.00601062
62 92 4.679e-05 0.00431897
62 97 2.69916e-05 0.00760889
62 102 3.99063e-05 0.014714
62 107 6.59529e-05 0.0252103
62 112 9.84623e-05 0.0375441
62 117 0.000130557 0.0487371
62 122 0.00015431 0.0554192

67 2 4.8343 862.366
67 7 31.4487 822.694
67 12 65.364 731.062
67 17 98.6861 585.017
67 22 102.681 432.702
67 27 75.1064 275.91
67 32 43.7888 165.973
67 37 22.6248 94.1147
67 42 10.6817 49.7651
67 47 4.64402 24.367
67 52 1.86252 11.0099
67 57 0.689295 4.58444
67 62 0.235436 1.75906
67 67 0.0742401 0.622384
67 72 0.0216246 0.203308
67 77 0.00582408 0.061478
67 82 0.00145415 0.0175216
67 87 0.000340944 0.00560863
67 92 8.21443e-05 0.0042361
67 97 3.24773e-05 0.00760273
67 102 3.37149e-05 0.0147296
67 107 4.99769e-05 0.025235
67 112 7.19919e-05 0.0375722
67 117 9.4453e-05 0.0487622
67 122 0.000112151 0.0554351

72 2 6.57739 891.598
72 7 44.2685 860.592
72 12 102.937 786.507
72 17 201.668 635.629
72 22 219.26 397.84
72 27 120.796 221.109
72 32 60.9358 130.918
72 37 29.4705 74.7189
72 42 13.4812 39.8859
72 47 5.77709 19.7131
72 52 2.30613 8.98622
72 57 0.854854 3.77369
72 62 0.293794 1.46002
72 67 0.0935625 0.520849
72 72 0.0276199 0.171552
72 77 0.00757194 0.052322
72 82 0.00194106 0.0150858
72 87 0.000479223 0.00501149
72 92 0.000129977 0.00410431
72 97 5.6817e-05 0.00758239
72 102 4.93621e-05 0.014737
72 107 5.82625e-05 0.0252511
72 112 7.11216e-05 0.0375904
72 117 8.26284e-05 0.048778
72 122 8.88666e-05 0.0554443

77 2 6.36345 -74.5683
77 7 43.5569 -92.1625
77 12 105.849 -125.472
77 17 239.337 -140.286
77 22 293.323 111.048
77 27 131.922 122.447
77 32 63.8969 84.3035
77 37 30.5626 51.3752
77 42 13.9604 28.4639
77 47 6.00134 14.4214
77 52 2.41012 6.69744
77 57 0.900709 2.85561
77 62 0.312659 1.11955
77 67 0.100763 0.404247
77 72 0.0301893 0.134677
77 77 0.00845831 0.0415471
77 82 0.00226774 0.0121744
77 87 0.000635062 0.00428429
77 92 0.00023716 0.00393842
77 97 0.000149384 0.00755144
77 102 0.000133902 0.0147372
77 107 0.000132302 0.0252574
77 112 0.000128367 0.0375948
77 117 0.000115208 0.0487759
77 122 8.95045e-05 0.055433

82 2 5.11891 -44.9638
82 7 33.9579 -51.7558
82 12 74.5585 -57.7014
82 17 124.892 -38.2714
82 22 134.875 20.1269
82 27 90.0157 49.4809
82 32 49.8334 44.3099
82 37 25.29 30.3268
82 42 11.9507 17.9057
82 47 5.25998 9.44724
82 52 2.15265 4.51593
82 57 0.818105 1.96918
82 62 0.288641 0.78657
82 67 0.0946672 0.288694
82 72 0.0290264 0.0976266
82 77 0.0084932 0.0305628
82 82 0.00254967 0.00916039
82 87 0.000955812 0.00351843
82 92 0.000559005 0.00375855
82 97 0.000464866 0.00751188
82 102 0.000435601 0.0147249
82 107 0.000406426 0.0252412
82 112 0.00035385 0.0375625
82 117 0.000266375 0.0487216
82 122 0.000142026 0.055357

87 2 3.28718 -23.7515
87 7 20.9906 -25.6483
87 12 41.7046 -24.7346
87 17 60.3573 -13.9162
87 22 63.7909 5.50684
87 27 49.6608 18.8817
87 32 31.3323 20.4381
87 37 17.2787 15.7127
87 42 8.61837 9.98607
87 47 3.94073 5.53905
87 52 1.66096 2.74632
87 57 0.647198 1.23217
87 62 0.233845 0.503895
87 67 0.0788629 0.188744
87 72 0.0253189 0.0650068
87 77 0.00824273 0.020724
87 82 0.00320689 0.00641367
87 87 0.00183011 0.00280672
87 92 0.0014758 0.0035832
87 97 0.0013751 0.00745861
87 102 0.00130848 0.0146782
87 107 0.0011997 0.0251589
87 112 0.00100778 0.0374218
87 117 0.000711102 0.0485141
87 122 0.000314498 0.0550927

92 2 1.78461 -11.2387
92 7 11.095 -11.6453
92 12 20.7513 -10.3625
92 17 28.2589 -5.59826
92 22 29.8145 1.57179
92 27 24.8712 7.11098
92 32 17.1187 8.69639
92 37 10.1652 7.3423
92 42 5.36836 5.00265
92 47 2.56604 2.92329
92 52 1.12149 1.50898
92 57 0.451472 0.699329
92 62 0.168959 0.293857
92 67 0.060011 0.112695
92 72 0.0214297 0.0396487
92 77 0.0088452 0.0129196
92 82 0.00505362 0.00419104
92 87 0.00399113 0.00221474
92 92 0.00369665 0.00341877
92 97 0.00356894 0.00736788
92 102 0.00340391 0.014538
92 107 0.0030938 0.0249001
92 112 0.00255912 0.0369983
92 117 0.00176087 0.0479161
92 122 0.000727376 0.0543594

97 2 0.853437 -4.85195
97 7 5.23147 -4.92235
97 12 9.48218 -4.21197
97 17 12.5838 -2.28784
97 22 13.3347 0.393507
97 27 11.5723 2.59519
97 32 8.43737 3.46771
97 37 5.31243 3.14864
97 42 2.95617 2.27904
97 47 1.47879 1.39933
97 52 0.673729 0.752343
97 57 0.283371 0.360774
97 62 0.112646 0.156107
97 67 0.0447227 0.0614346
97 72 0.019999 0.0221316
97 77 0.0117302 0.00740408
97 82 0.00917717 0.00258235
97 87 0.00843344 0.00176326
97 92 0.00818373 0.00324904
97 97 0.00797679 0.00718169
97 102 0.00759445 0.0141795
97 107 0.00685883 0.0242423
97 112 0.00561963 0.0359523
97 117 0.00381524 0.0464789
97 122 0.00153274 0.0526417

102 2 0.368326 -1.93973
102 7 2.24613 -1.95285
102 12 4.01292 -1.64596
102 17 5.27426 -0.918447
102 22 5.63006 0.0606425
102 27 5.02193 0.898896
102 32 3.81604 1.29679
102 37 2.51793 1.24916
102 42 1.46899 0.952233
102 47 0.770474 0.611702
102 52 0.369849 0.342041
102 57 0.166986 0.169734
102 62 0.0749013 0.0757004
102 67 0.0370537 0.0306134
102 72 0.0228704 0.011314
102 77 0.0179974 0.0039109
102 82 0.0164476 0.00153016
102 87 0.0159583 0.00142848
102 92 0.0157089 0.0030299
102 97 0.0153372 0.00679778
102 102 0.0145612 0.0133977
102 107 0.0130818 0.0228333
102 112 0.0106418 0.0337626
102 117 0.00715977 0.0435337
102 122 0.00283529 0.0491905

107 2 0.145839 -0.730695
107 7 0.889622 -0.735184
107 12 1.58169 -0.618671
107 17 2.07613 -0.35916
107 22 2.23714 -0.015068
107 27 2.04114 0.289511
107 32 1.60442 0.452703
107 37 1.10383 0.459567
107 42 0.676049 0.366677
107 47 0.376222 0.245435
107 52 0.196175 0.142422
107 57 0.101205 0.0730794
107 62 0.0564972 0.0335974
107 67 0.0375109 0.0139712
107 72 0.0301799 0.00530626
107 77 0.0275875 0.00191514
107 82 0.0267272 0.000894666
107 87 0.0263985 0.00115738
107 92 0.0260907 0.00269599
107 97 0.0254568 0.00608285
107 102 0.0240993 0.0119391
107 107 0.0215543 0.0202557
107 112 0.0174341 0.0298328
107 117 0.0116507 0.0383378
107 122 0.00457274 0.0431969

112 2 0.0542375 -0.265805
112 7 0.331755 -0.267499
112 12 0.589881 -0.226158
112 17 0.776921 -0.137719
112 22 0.847131 -0.0214626
112 27 0.790808 0.0842707
112 32 0.643601 0.146318
112 37 0.464488 0.156557
112 42 0.303766 0.130328
112 47 0.185946 0.0906222
112 52 0.112193 0.0544576
112 57 0.0717719 0.0288592
112 62 0.0520624 0.0136701
112 67 0.0434162 0.00584619
112 72 0.0399746 0.00228609
112 77 0.038717 0.000875823
112 82 0.038265 0.000521472
112 87 0.0380102 0.000890743
112 92 0.0375961 0.00218397
112 97 0.0366351 0.0049212
112 102 0.0345893 0.00960066
112 107 0.03082 0.0161971
112 112 0.0248141 0.023744
112 117 0.0164976 0.0303985
112 122 0.00643655 0.0341498

117 2 0.0202446 -0.0941684
117 7 0.123945 -0.0943988
117 12 0.220557 -0.0802107
117 17 0.292202 -0.0512801
117 22 0.323695 -0.0137318
117 27 0.311283 0.0210742
117 32 0.265643 0.0429835
117 37 0.205822 0.048764
117 42 0.149396 0.0423087
117 47 0.106199 0.0304852
117 52 0.0780525 0.0189249
117 57 0.0620357 0.0103371
117 62 0.0539452 0.00503748
117 67 0.0502757 0.00221361
117 72 0.0487666 0.000892404
117 77 0.0481902 0.000369182
117 82 0.0479449 0.000285305
117 87 0.0477056 0.000585912
117 92 0.0471727 0.00146651
117 97 0.0459017 0.00328493
117 102 0.0432355 0.00636123
117 107 0.0384021 0.0106645
117 112 0.0308059 0.0155555
117 117 0.0204033 0.0198397
117 122 0.007929 0.0222278

122 2 0.00941847 -0.0257678
122 7 0.0575209 -0.0256249
122 12 0.102169 -0.0218198
122 17 0.136157 -0.0144291
122 22 0.153739 -0.00498106
122 27 0.153412 0.00386078
122 32 0.138926 0.00968187
122 37 0.117344 0.0116026
122 42 0.0956325 0.0104171
122 47 0.0781692 0.00772007
122 52 0.0662798 0.00491613
122 57 0.0592316 0.0027501
122 62 0.0555303 0.00137093
122 67 0.0537876 0.000615915
122 72 0.0530428 0.000254906
122 77 0.0527391 0.000112894
122 82 0.052572 0.000103873
122 87 0.0523224 0.000230852
122 92 0.051704 0.000577989
122 97 0.0502396 0.00128315
122 102 0.0472206 0.00246445
122 107 0.0418302 0.00410444
122 112 0.0334603 0.00595694
122 117 0.0221021 0.00757093
122 122 0.0085691 0.00846405

