2 2 -0.021968 -0.351547
2 7 -0.144606 -0.403277
2 12 -0.296198 -0.410505
2 17 -0.425909 -0.221832
2 22 -0.443956 0.110568
2 27 -0.338612 0.336688
2 32 -0.190214 0.32836
2 37 -0.0804936 0.196419
2 42 -0.0258973 0.080681
2 47 -0.00644937 0.02412
2 52 -0.00123954 0.00532241
2 57 -0.000186026 0.000888782
2 62 -2.15208e-05 0.000111515
2 67 -1.94054e-06 1.06846e-05
2 72 -1.41193e-07 4.36815e-07
2 77 -7.62402e-08 -4.52442e-06
2 82 -3.19898e-07 -4.67437e-05
2 87 9.83593e-07 -0.000379016
2 92 3.20717e-05 -0.00236936
2 97 0.000318729 -0.0118578
2 102 0.0020987 -0.0476849
2 107 0.0110754 -0.162657
2 112 0.0547638 -0.516035
2 117 0.350263 -1.94665
2 122 7.83971 -16.4075

7 2 -0.148965 -0.744528
7 7 -0.997272 -0.908964
7 12 -2.11267 -0.996369
7 17 -3.09901 -0.54994
7 22 -3.24476 0.309785
7 27 -2.42128 0.883641
7 32 -1.31627 0.837241
7 37 -0.53202 0.483877
7 42 -0.164051 0.194489
7 47 -0.038866 0.0568117
7 52 -0.00717261 0.0124683
7 57 -0.00102443 0.00206119
7 62 -0.000114311 0.000261144
7 67 -9.82083e-06 2.50512e-05
7 72 -6.19451e-07 1.57039e-06
7 77 5.15455e-07 -3.54952e-06
7 82 6.45783e-06 -3.77748e-05
7 87 5.86548e-05 -0.000296714
7 92 0.000429426 -0.00184664
7 97 0.00251203 -0.00893694
7 102 0.0122423 -0.034689
7 107 0.0511661 -0.108659
7 112 0.197199 -0.281095
7 117 0.749545 -0.540772
7 122 2.21227 0.311378

12 2 -0.449283 -2.13992
12 7 -3.09639 -2.81288
12 12 -6.8557 -3.33658
12 17 -10.453 -1.92575
12 22 -10.9764 1.15204
12 27 -7.94971 3.11693
12 32 -4.10789 2.7897
12 37 -1.58568 1.53325
12 42 -0.469041 0.588571
12 47 -0.108323 0.167196
12 52 -0.0195322 0.0357658
12 57 -0.00276884 0.00586831
12 62 -0.000305459 0.00073476
12 67 -2.63786e-05 7.10207e-05
12 72 -1.71334e-06 5.07582e-06
12 77 5.43691e-07 -1.71956e-06
12 82 7.16356e-06 -2.01398e-05
12 87 6.46478e-05 -0.000159137
12 92 0.000453683 -0.000953049
12 97 0.00256664 -0.00447391
12 102 0.0116254 -0.0160102
12 107 0.0432421 -0.0433369
12 112 0.131072 -0.0790998
12 117 0.303485 -0.0418547
12 122 0.363614 0.242563

17 2 -1.06912 -5.83711
17 7 -7.67293 -8.27616
17 12 -18.3976 -10.9101
17 17 -30.1514 -6.811
17 22 -32.0002 4.21926
17 27 -21.7298 10.555
17 32 -10.3349 8.63427
17 37 -3.7136 4.38944
17 42 -1.04625 1.59816
17 47 -0.233056 0.436205
17 52 -0.0412281 0.0913944
17 57 -0.00574853 0.0147179
17 62 -0.000632456 0.00183805
17 67 -5.42489e-05 0.000176274
17 72 -3.60909e-06 1.3044e-05
17 77 2.38511e-07 1.8693e-07
17 82 4.86127e-06 -5.67037e-06
17 87 4.24285e-05 -4.27819e-05
17 92 0.00029381 -0.000250674
17 97 0.00157875 -0.00106318
17 102 0.00673087 -0.00325564
17 107 0.0222852 -0.00583738
17 112 0.0562063 0.000608879
17 117 0.0973705 0.0406532
17 122 0.0849007 0.120171

22 2 -1.94516 -13.4816
22 7 -14.7687 -21.0323
22 12 -40.0274 -32.3865
22 17 -76.7655 -24.1883
22 22 -83.6752 15.7039
22 27 -49.0997 32.973
22 32 -20.3616 23.0009
22 37 -6.70735 10.5666
22 42 -1.79013 3.60876
22 47 -0.386641 0.94986
22 52 -0.0669568 0.193927
22 57 -0.00925041 0.0308977
22 62 -0.00100886 0.00381538
22 67 -8.66447e-05 0.000366617
22 72 -5.77959e-06 2.7111e-05
22 77 -9.60162e-08 1.80631e-06
22 82 2.2651e-06 2.6974e-06
22 87 1.99124e-05 2.04263e-05
22 92 0.000132766 0.000129725
22 97 0.000695082 0.00065114
22 102 0.00277948 0.00269093
22 107 0.00851539 0.00902928
22 112 0.0190421 0.0246793
22 117 0.0288428 0.053085
22 122 0.0234429 0.0848904

27 2 -2.54252 -25.3055
27 7 -20.3052 -43.4554
27 12 -63.3333 -82.4329
27 17 -169.255 -98.0248
27 22 -207.284 76.3163
27 27 -82.3831 91.1229
27 32 -28.9502 49.9342
27 37 -8.86037 20.5515
27 42 -2.28043 6.64262
27 47 -0.482426 1.6922
27 52 -0.0826652 0.339875
27 57 -0.0113351 0.0534581
27 62 -0.00123394 0.00658348
27 67 -0.000105683 0.000628933
27 72 -7.08009e-06 4.67294e-05
27 77 -2.95642e-07 3.2651e-06
27 82 8.07921e-07 6.13103e-06
27 87 6.98951e-06 4.6506e-05
27 92 4.64754e-05 0.000278553
27 97 0.000234162 0.00130545
27 102 0.000909986 0.00478408
27 107 0.00263711 0.0137924
27 112 0.00561591 0.0312562
27 117 0.00820327 0.0555231
27 122 0.00727888 0.0765733

32 2 -3.00332 960.361
32 7 -22.9013 928.609
32 12 -66.8873 845.251
32 17 -171.67 677.862
32 22 -192.26 374.652
32 27 -75.9133 179.843
32 32 -26.6917 82.6081
32 37 -8.18026 31.8324
32 42 -2.10827 9.95823
32 47 -0.446482 2.49536
32 52 -0.0765888 0.49559
32 57 -0.0105102 0.0776363
32 62 -0.00114518 0.00951271
32 67 -9.81458e-05 0.000910052
32 72 -6.58364e-06 6.74118e-05
32 77 -3.2095e-07 4.57345e-06
32 82 2.27507e-07 7.30331e-06
32 87 2.07615e-06 5.48101e-05
32 92 1.35004e-05 0.000326122
32 97 6.80388e-05 0.00150555
32 102 0.000258629 0.00540902
32 107 0.000747897 0.0151427
32 112 0.00159628 0.0330863
32 117 0.00247912 0.0564376
32 122 0.00267297 0.0751391

37 2 -1.85254 947.834
37 7 -13.5501 906.788
37 12 -34.5514 800.004
37 17 -61.3351 619.274
37 22 -63.2204 422.554
37 27 -37.9204 229.249
37 32 -15.8618 105.526
37 37 -5.25482 40.3495
37 42 -1.40832 12.5534
37 47 -0.305316 3.13169
37 52 -0.0530222 0.621001
37 57 -0.00734714 0.0970477
37 62 -0.000802968 0.0119
37 67 -6.91476e-05 0.00113644
37 72 -4.63103e-06 8.43664e-05
37 77 -2.35477e-07 5.56845e-06
37 82 6.0728e-08 7.66448e-06
37 87 5.98537e-07 5.72167e-05
37 92 3.95493e-06 0.000339604
37 97 1.99113e-05 0.0015629
37 102 7.7567e-05 0.00558687
37 107 0.000230501 0.0155404
37 112 0.000526491 0.033681
37 117 0.00091658 0.0569408
37 122 0.00122262 0.0751592

42 2 -0.827871 941.219
42 7 -5.73706 896.592
42 12 -12.9183 784.548
42 17 -19.4979 610.088
42 22 -19.7781 429.169
42 27 -13.8328 244.838
42 32 -6.68748 115.763
42 37 -2.42686 44.7972
42 42 -0.689041 14.0101
42 47 -0.154308 3.50599
42 52 -0.0274497 0.695974
42 57 -0.00384119 0.108936
42 62 -0.000424722 0.0133557
42 67 -3.65297e-05 0.00127725
42 72 -2.46246e-06 9.47344e-05
42 77 -1.25196e-07 6.17983e-06
42 82 2.00383e-08 7.79044e-06
42 87 2.1672e-07 5.79659e-05
42 92 1.43976e-06 0.000343902
42 97 7.44073e-06 0.00158143
42 102 2.98202e-05 0.00564716
42 107 9.34288e-05 0.0156853
42 112 0.000228735 0.0339337
42 117 0.000440634 0.0572436
42 122 0.00066949 0.0753675

47 2 -0.262438 938.65
47 7 -1.75324 893.089
47 12 -3.64861 780.279
47 17 -5.12043 608.276
47 22 -5.14396 430.398
47 27 -3.86282 248.951
47 32 -2.02973 119.14
47 37 -0.791573 46.4755
47 42 -0.235148 14.6094
47 47 -0.0546221 3.66656
47 52 -0.00986807 0.729399
47 57 -0.00140825 0.114269
47 62 -0.000155621 0.0140252
47 67 -1.35599e-05 0.00134123
47 72 -9.04052e-07 9.95523e-05
47 77 -4.62017e-08 6.45634e-06
47 82 1.03945e-08 7.84357e-06
47 87 1.0567e-07 5.82783e-05
47 92 7.0965e-07 0.000345712
47 97 3.71444e-06 0.00158948
47 102 1.52426e-05 0.00567444
47 107 4.9179e-05 0.0157554
47 112 0.000125413 0.0340686
47 117 0.000253794 0.0574321
47 122 0.000409496 0.0755429

52 2 0.0137316 938.086
52 7 0.089154 892.366
52 12 0.164385 779.494
52 17 0.215938 607.996
52 22 0.212296 430.579
52 27 0.184524 249.695
52 32 0.108598 119.814
52 37 0.0492871 46.8376
52 42 0.0157583 14.7442
52 47 0.00407394 3.70405
52 52 0.000746591 0.737261
52 57 0.000114848 0.115554
52 62 1.22552e-05 0.0141848
52 67 1.13561e-06 0.00135684
52 72 7.0057e-08 0.000100703
52 77 4.54375e-09 6.52537e-06
52 82 7.36696e-09 7.86854e-06
52 87 6.24901e-08 5.84468e-05
52 92 4.20724e-07 0.0003467
52 97 2.21704e-06 0.00159393
52 102 9.18065e-06 0.00568986
52 107 3.00161e-05 0.0157963
52 112 7.78583e-05 0.0341506
52 117 0.000161109 0.0575541
52 122 0.000267466 0.0756695

57 2 0.304502 938.815
57 7 2.01473 893.271
57 12 4.15496 780.447
57 17 5.75638 608.311
57 22 5.80862 430.408
57 27 4.42299 248.809
57 32 2.37714 118.966
57 37 0.940589 46.3654
57 42 0.284749 14.5614
57 47 0.0664876 3.6524
57 52 0.0121837 0.726116
57 57 0.00173226 0.113738
57 62 0.000193821 0.0139538
57 67 1.66967e-05 0.00133466
57 72 1.12783e-06 9.90308e-05
57 77 5.83469e-08 6.43274e-06
57 82 7.01078e-09 7.87808e-06
57 87 4.05818e-08 5.85512e-05
57 92 2.73213e-07 0.000347315
57 97 1.44371e-06 0.00159673
57 102 6.0045e-06 0.00569962
57 107 1.97531e-05 0.0158225
57 112 5.1685e-05 0.0342043
57 117 0.000108244 0.0576364
57 122 0.00018276 0.0757597

62 2 0.898344 941.661
62 7 6.18676 897.1
62 12 13.6906 784.96
62 17 20.3464 610.162
62 22 20.6661 429.252
62 27 14.8026 244.486
62 32 7.33048 115.279
62 37 2.71633 44.4716
62 42 0.779936 13.8756
62 47 0.176655 3.46485
62 52 0.0314962 0.68713
62 57 0.0044409 0.107406
62 62 0.000489441 0.0131688
62 67 4.23814e-05 0.00125816
62 72 2.83596e-06 9.33959e-05
62 77 1.48367e-07 6.1072e-06
62 82 9.30318e-09 7.87311e-06
62 87 2.81005e-08 5.86205e-05
62 92 1.87236e-07 0.000347726
62 97 9.90118e-07 0.0015986
62 102 4.12791e-06 0.00570619
62 107 1.36308e-05 0.0158402
62 112 3.58617e-05 0.0342411
62 117 7.57048e-05 0.0576939
62 122 0.000129311 0.0758251

67 2 1.9245 948.674
67 7 13.9572 907.648
67 12 34.7542 800.227
67 17 59.2682 618.597
67 22 61.1622 423.526
67 27 38.5011 229.27
67 32 16.7296 104.611
67 37 5.65951 39.6811
67 42 1.53716 12.2678
67 47 0.335299 3.04939
67 52 0.0585854 0.602643
67 57 0.00812251 0.0940955
67 62 0.000891245 0.0115134
67 67 7.65567e-05 0.00110042
67 72 5.15043e-06 8.15547e-05
67 77 2.72218e-07 5.43679e-06
67 82 1.77686e-08 7.84959e-06
67 87 2.47516e-08 5.86681e-05
67 92 1.37687e-07 0.000348013
67 97 7.09214e-07 0.00159991
67 102 2.9475e-06 0.0057108
67 107 9.74821e-06 0.0158528
67 112 2.57399e-05 0.0342672
67 117 5.46464e-05 0.0577353
67 122 9.41404e-05 0.0758733

72 2 2.97929 961.358
72 7 22.706 929.465
72 12 65.3307 842.77
72 17 153.419 662.77
72 22 167.955 390.223
72 27 75.4375 183.399
72 32 27.4657 81.4273
72 37 8.53892 30.7507
72 42 2.21612 9.51189
72 47 0.471406 2.3644
72 52 0.0810221 0.467926
72 57 0.01114 0.0729919
72 62 0.00121386 0.00894434
72 67 0.000104208 0.000853103
72 72 7.05625e-06 6.3352e-05
72 77 4.41119e-07 4.383e-06
72 82 9.3679e-08 7.80824e-06
72 87 9.22523e-08 5.87015e-05
72 92 1.7472e-07 0.00034822
72 97 5.93466e-07 0.00160085
72 102 2.23586e-06 0.00571414
72 107 7.23786e-06 0.0158619
72 112 1.90449e-05 0.0342863
72 117 4.05247e-05 0.0577658
72 122 7.02156e-05 0.0759096

77 2 2.57731 -23.5651
77 7 20.6663 -41.6694
77 12 65.3505 -83.9866
77 17 187.159 -119.913
77 22 239.705 104.834
77 27 84.9937 94.9339
77 32 29.3385 48.2317
77 37 8.94164 19.2152
77 42 2.29768 6.09643
77 47 0.486041 1.5386
77 52 0.0832233 0.306561
77 57 0.0114183 0.0481254
77 62 0.00124252 0.00589797
77 67 0.000107395 0.000564566
77 72 8.09224e-06 4.17962e-05
77 77 1.34003e-06 3.15888e-06
77 82 9.84957e-07 7.75707e-06
77 87 9.79998e-07 5.87256e-05
77 92 1.04123e-06 0.000348373
77 97 1.35273e-06 0.00160155
77 102 2.57486e-06 0.00571661
77 107 6.30097e-06 0.0158686
77 112 1.51157e-05 0.0343005
77 117 3.12199e-05 0.0577887
77 122 5.36617e-05 0.0759373

82 2 1.88266 -11.8247
82 7 14.4193 -18.9545
82 12 40.0753 -30.7281
82 17 80.3287 -24.6222
82 22 88.2919 16.4767
82 27 49.3315 31.7803
82 32 19.8453 20.9273
82 37 6.43717 9.28881
82 42 1.7065 3.11367
82 47 0.366687 0.808291
82 52 0.063447 0.164128
82 57 0.00874458 0.0259548
82 62 0.00096327 0.00320736
82 67 9.09888e-05 0.000306505
82 72 1.48142e-05 2.28158e-05
82 77 9.62246e-06 2.06287e-06
82 82 9.35075e-06 7.71176e-06
82 87 9.34618e-06 5.87429e-05
82 92 9.38765e-06 0.000348485
82 97 9.59655e-06 0.00160206
82 102 1.04091e-05 0.0057184
82 107 1.28654e-05 0.0158735
82 112 1.86377e-05 0.0343108
82 117 2.91177e-05 0.0578054
82 122 4.36391e-05 0.0759574

87 2 0.957735 -4.64305
87 7 6.93606 -6.72893
87 12 16.9 -9.13864
87 17 28.2291 -5.86261
87 22 29.9888 3.68872
87 27 19.9979 8.92437
87 32 9.31376 7.05011
87 37 3.30323 3.4971
87 42 0.921182 1.2486
87 47 0.204498 0.337543
87 52 0.0360239 0.0699706
87 57 0.00508646 0.0112542
87 62 0.00061874 0.00139533
87 67 0.000116795 0.000134372
87 72 7.26713e-05 9.97303e-06
87 77 6.96815e-05 1.33479e-06
87 82 6.95241e-05 7.68068e-06
87 87 6.95169e-05 5.87503e-05
87 92 6.95071e-05 0.000348531
87 97 6.94447e-05 0.00160226
87 102 6.91434e-05 0.00571907
87 107 6.80737e-05 0.0158752
87 112 6.51645e-05 0.0343142
87 117 5.91094e-05 0.0578105
87 122 4.92092e-05 0.0759629

92 2 0.360602 -1.48037
92 7 2.49325 -1.95807
92 12 5.57889 -2.36011
92 17 8.56121 -1.37491
92 22 9.0017 0.827946
92 27 6.45763 2.2012
92 32 3.30474 1.9352
92 37 1.26146 1.04249
92 42 0.371594 0.395533
92 47 0.0854787 0.110861
92 52 0.0157429 0.023639
92 57 0.00256193 0.00384332
92 62 0.000639907 0.000482706
92 67 0.000421165 4.63253e-05
92 72 0.000402013 3.49503e-06
92 77 0.000400708 9.62331e-07
92 82 0.000400636 7.66054e-06
92 87 0.000400596 5.87158e-05
92 92 0.000400342 0.000348316
92 97 0.000398989 0.0016012
92 102 0.000393433 0.00571512
92 107 0.000375712 0.0158638
92 112 0.000331929 0.0342887
92 117 0.000247668 0.0577663
92 122 0.000121469 0.0759035

97 2 0.104134 -0.420666
97 7 0.700006 -0.505216
97 12 1.48319 -0.544666
97 17 2.18464 -0.302059
97 22 2.2819 0.161557
97 27 1.70142 0.466721
97 32 0.919691 0.436422
97 37 0.372276 0.249886
97 42 0.11532 0.0990092
97 47 0.0287234 0.0287981
97 52 0.00673003 0.00625242
97 57 0.00249909 0.00103586
97 62 0.00186953 0.000130154
97 67 0.00179791 1.25948e-05
97 72 0.00179159 9.8189e-07
97 77 0.00179116 8.18223e-07
97 82 0.00179112 7.62566e-06
97 87 0.00179092 5.84857e-05
97 92 0.00178962 0.000346894
97 97 0.00178281 0.00159446
97 102 0.00175521 0.00569036
97 107 0.00166841 0.0157936
97 112 0.00145572 0.0341344
97 117 0.00105007 0.0575033
97 122 0.000446243 0.0755555

102 2 0.0240116 -0.144249
102 7 0.157372 -0.147665
102 12 0.32296 -0.133447
102 17 0.462392 -0.0710788
102 22 0.483232 0.0211451
102 27 0.368166 0.0812029
102 32 0.209029 0.0805629
102 37 0.0908324 0.0479701
102 42 0.033089 0.0197556
102 47 0.0127243 0.0058703
102 52 0.00744095 0.00130443
102 57 0.00639747 0.000216961
102 62 0.00624176 2.75645e-05
102 67 0.00622382 2.6431e-06
102 72 0.00622226 2.52227e-07
102 77 0.00622214 7.65079e-07
102 82 0.00622206 7.50253e-06
102 87 0.00622134 5.75247e-05
102 92 0.00621658 0.00034106
102 97 0.00619196 0.00156704
102 102 0.00609321 0.00559085
102 107 0.00578461 0.0155135
102 112 0.00503366 0.0335227
102 117 0.00360676 0.0564655
102 122 0.00148995 0.0741863

107 2 0.00550659 -0.0833816
107 7 0.0347847 -0.0739895
107 12 0.0669682 -0.05371
107 17 0.0927236 -0.0278119
107 22 0.096997 -0.00386723
107 27 0.0789052 0.00987474
107 32 0.0522397 0.0116178
107 37 0.0320242 0.00734317
107 42 0.021727 0.00310326
107 47 0.0180315 0.000946772
107 52 0.0170445 0.000211681
107 57 0.0168488 3.56876e-05
107 62 0.0168191 4.4964e-06
107 67 0.0168157 4.3547e-07
107 72 0.0168154 8.65232e-08
107 77 0.0168154 7.18022e-07
107 82 0.0168151 7.11512e-06
107 87 0.0168131 5.45103e-05
107 92 0.0167998 0.000322899
107 97 0.0167318 0.00148262
107 102 0.0164604 0.00528635
107 107 0.0156178 0.0146619
107 112 0.0135756 0.0316709
107 117 0.00970948 0.0533334
107 122 0.00398444 0.0700625

112 2 0.00339969 -0.0641723
112 7 0.0197222 -0.054405
112 12 0.0332971 -0.0363093
112 17 0.0420505 -0.0186076
112 22 0.0451309 -0.00655786
112 27 0.0435513 -0.000708566
112 32 0.0402407 0.000963173
112 37 0.0375006 0.000819425
112 42 0.0360788 0.000377814
112 47 0.0355517 0.000118051
112 52 0.0354106 2.69477e-05
112 57 0.0353821 4.51954e-06
112 62 0.0353778 5.72717e-07
112 67 0.0353773 5.68289e-08
112 72 0.0353773 5.20939e-08
112 77 0.0353772 6.22166e-07
112 82 0.0353767 6.16974e-06
112 87 0.0353723 4.71957e-05
112 92 0.0353437 0.000279279
112 97 0.0351981 0.00128093
112 102 0.0346209 0.00456374
112 107 0.0328363 0.0126488
112 112 0.0285264 0.0273095
112 117 0.0203854 0.0459733
112 122 0.00834931 0.0603826

117 2 0.00466684 -0.0445242
117 7 0.0265177 -0.0374749
117 12 0.0429783 -0.024647
117 17 0.052701 -0.0126193
117 22 0.0570425 -0.00495192
117 27 0.058321 -0.00140945
117 32 0.0583626 -0.000230418
117 37 0.0581554 2.01387e-05
117 42 0.058013 2.83887e-05
117 47 0.0579569 1.0776e-05
117 52 0.0579413 2.57641e-06
117 57 0.0579382 4.42807e-07
117 62 0.0579377 5.5521e-08
117 67 0.0579377 7.26147e-09
117 72 0.0579377 3.47236e-08
117 77 0.0579376 4.42547e-07
117 82 0.0579367 4.38127e-06
117 87 0.0579294 3.34779e-05
117 92 0.0578819 0.000197826
117 97 0.0576408 0.000906563
117 102 0.0566888 0.00322691
117 107 0.0537538 0.00893827
117 112 0.0466818 0.019288
117 117 0.0333451 0.0324589
117 122 0.0136471 0.0426255

122 2 0.00583763 -0.0179488
122 7 0.0332366 -0.0150488
122 12 0.0537242 -0.00987567
122 17 0.0657193 -0.00505623
122 22 0.0712071 -0.002012
122 27 0.0731495 -0.000615732
122 32 0.0736663 -0.000140536
122 37 0.0737597 -2.16492e-05
122 42 0.0737662 -1.2203e-06
122 47 0.0737636 4.25049e-07
122 52 0.0737625 1.60086e-07
122 57 0.0737622 3.03276e-08
122 62 0.0737622 3.97811e-09
122 67 0.0737622 1.1956e-09
122 72 0.0737622 1.39513e-08
122 77 0.0737621 1.79033e-07
122 82 0.073761 1.7715e-06
122 87 0.0737516 1.3519e-05
122 92 0.0736906 7.98453e-05
122 97 0.073382 0.000365587
122 102 0.0721653 0.00130076
122 107 0.0684209 0.00360117
122 112 0.0594081 0.00776874
122 117 0.0424273 0.0130708
122 122 0.0173588 0.0171626

