           2           2   5.9929990725530189       -193.28029451970249     
           2           7   1.3843734761256883       -185.88033888306819     
           2          12  -5.5802827072752734       -169.15034201435788     
           2          17  -13.921289857461943       -123.51325331267390     
           2          22  -6.9734049782582588       -73.576479905602355     
           2          27  -1.9393751670017991       -32.920852608636324     
           2          32 -0.59734994966925115        14.394364471753079     
           2          37  -6.4147429782542531        42.820276243010312     
           2          42  -4.2377840195438239        60.933728225794766     
           2          47   3.3974199971426060        77.372499322885005     
           2          52  -1.2783220815920231        80.371012451957768     
           2          57  -3.9873818430795609        74.254391803929366     
           2          62   3.5607420458840124        65.728867423134375     
           2          67 -0.88665826156409366        61.819820567016336     
           2          72  -1.2781890685976691        61.747473110788633     
           2          77   3.0484954898666388        43.798216766909377     
           2          82  -4.6530581165486637        37.563955465432116     
           2          87  0.33733178459814894        32.994665100276933     
           2          92  -4.8520265376561298        10.404151184246189     
           2          97   3.6527992699583907        9.6381940174990532     
           2         102   7.6486680678538006       -1.5679836952023796     
           2         107   7.0381483160983360E-002   3.9165213087817827     
           2         112  0.30900829063172530        1.7635399656579582     
           2         117  0.68339382011987437       -1.2172251506598042     
           2         122 -0.72739912985788635       -20.445525350524637     

           7           2  -1.8310136187294006       -200.74644400741684     
           7           7  -21.800015235526303       -194.72414672848089     
           7          12  -32.656306975967482       -169.60281674006444     
           7          17  -37.138422258621176       -121.48620767176430     
           7          22  -39.959449328797746       -73.522337364441910     
           7          27  -40.176957714414812       -24.731868530336442     
           7          32  -29.815661696923371        18.782041933809978     
           7          37  -23.392882880070601        48.018332247669605     
           7          42  -17.615092331434653        69.926623962359599     
           7          47  -11.732543279631500        75.277172777564829     
           7          52  -14.687079383106720        84.676127052080574     
           7          57  -7.6451839478627335        79.710444862848476     
           7          62 -0.82314503423333463        76.445921611818108     
           7          67  -3.2209289708476945        64.649310070177421     
           7          72  -1.0540973174764758        63.443706004207854     
           7          77  -4.0024099113050511        49.364744679553269     
           7          82 -0.64973088584807215        36.823427523846192     
           7          87   2.4946598936802786        28.050907620778275     
           7          92 -0.56229261764267591        13.213153817884265     
           7          97  -3.4996331714973961        5.2590203092493244     
           7         102  -3.2163660363766278       0.51221964728361691     
           7         107   3.0319499341102043        1.4295569032211208     
           7         112  -1.6543256069990298       -2.1257732336539812     
           7         117  -1.5047263882786384        1.3458448336792579     
           7         122   4.3698227752766581       0.25272656378104136     

          12           2  -2.8132263673426081       -218.15474258770496     
          12           7  -31.587450653046517       -212.43342442270398     
          12          12  -56.664560967092029       -185.16248991324005     
          12          17  -70.946650217271781       -134.48861101966440     
          12          22  -69.113947414619815       -74.371194614951946     
          12          27  -68.915565528947582       -18.523906455498036     
          12          32  -56.346835516994588        26.404643619553781     
          12          37  -43.506635223702915        58.864993179994372     
          12          42  -25.915086457052439        80.787920992615227     
          12          47  -21.754985407542790        83.196668601076226     
          12          52  -12.837889661864892        88.752833563383547     
          12          57  -3.2402214229267656        84.464875444065228     
          12          62  -6.0575748399262466        79.979758482679472     
          12          67  -2.7405477182200002        68.353655649358984     
          12          72  -3.1837203931368094        55.556518765965961     
          12          77  0.59212281151553725        49.908014764833638     
          12          82  -3.6747744686313411        41.111751975381765     
          12          87   2.4169792361360720        33.196990663007611     
          12          92  -3.7663084130538351        19.428775155383072     
          12          97  -8.7644559342148654E-002   7.7696516043884998     
          12         102  0.33000973964155605       0.49585351992677995     
          12         107  -3.6229670991787941        1.2208803310065970     
          12         112  0.73453125240809403       -3.0291635969247941     
          12         117  -5.4551830492598707E-002 -0.53453235601520843     
          12         122  -1.0040471283873744       -3.3690163698869317E-003

          17           2  -3.9623935380821820       -253.66489299383923     
          17           7  -46.860106635038733       -246.40694808301396     
          17          12  -85.616416317761150       -212.39344091440171     
          17          17  -118.59488098308111       -148.51327346055382     
          17          22  -119.96550648500170       -72.170645341771433     
          17          27  -105.54677359779043        1.8076219214999583     
          17          32  -78.402473051262177        48.474351687811350     
          17          37  -55.175713477351110        77.999281828140511     
          17          42  -37.420848179085851        93.903623691715211     
          17          47  -22.631383739190824        98.766171205606724     
          17          52  -13.439261438068343        87.322073615080171     
          17          57  -9.9608734631223115        88.124517766547683     
          17          62  -3.3396746209484718        80.957555927701264     
          17          67  -3.1815750965472489        74.923454585111926     
          17          72  -2.4360632846555177        57.484043278749141     
          17          77   4.8603634941954397        52.488604396186645     
          17          82 -0.57366042057657296        37.275301133001648     
          17          87 -0.31466003674493948        25.514586021213546     
          17          92  -1.3652052639998331        23.844593031565864     
          17          97  -2.8191709481948042        8.3924568077096353     
          17         102  -1.1046373929373563      -0.57108370998057123     
          17         107  -2.6506468504379477        1.4489383836918450     
          17         112  -1.0179375982460830      -0.53394696875723113     
          17         117 -0.52870972350338297      -0.15981943573498469     
          17         122   1.8098380238515490        0.0000000000000000     

          22           2  -9.3322508957013781       -294.24844888795548     
          22           7  -62.613274530869148       -294.09279496131205     
          22          12  -118.78901675589714       -261.03837025630310     
          22          17  -175.64076206860045       -176.71250920214607     
          22          22  -192.00268859113794       -60.013703510347113     
          22          27  -148.00472275543416        35.394172501364665     
          22          32  -99.594080130224938        83.614756372708598     
          22          37  -61.669592672143153        102.77935145448646     
          22          42  -39.774117775527884        110.25218799523327     
          22          47  -23.944031790386134        112.00013339078623     
          22          52  -11.303097663148492        109.55979130450578     
          22          57  -7.4221401360169921        89.057691668578286     
          22          62  0.58901280334578132        81.314742820444508     
          22          67  -1.6044529567385553        71.691914629550524     
          22          72  -4.1174357522456262        61.246951014459910     
          22          77  -3.7773959381474924        50.123080889629648     
          22          82   2.2472169440955270        43.144728058446503     
          22          87  -3.2079920336832402        27.010013928452992     
          22          92 -0.71080286133382486        20.435115594255052     
          22          97   5.3766600282096295        5.9729860228424716     
          22         102  -2.9339100776367628        2.4100335975478511     
          22         107  -1.6381851347051188        1.2852451675045979     
          22         112  -2.5781752340031248       -6.5629449374630999E-002
          22         117  -5.1334257727487085       0.55985022150726982     
          22         122  0.16313731534269008       -3.6204397751388262     

          27           2  -9.8910610885849337       -352.43062781532905     
          27           7  -68.176194542463691       -355.93456595584291     
          27          12  -144.52570307331439       -338.33853049226786     
          27          17  -274.27842665836897       -266.41576966635466     
          27          22  -315.72534870682193        7.1495860765544421     
          27          27  -184.24632578754154        107.29360310792299     
          27          32  -108.39418232595381        135.04338604008763     
          27          37  -67.830513496927324        133.72922941108118     
          27          42  -35.885432105094651        128.97224233374277     
          27          47  -25.671156734513033        116.74760998376814     
          27          52  -11.056233930149801        107.40138650967742     
          27          57  -4.6878532303221618        95.958510694845359     
          27          62  -3.8269725975142137        84.289452066314766     
          27          67  0.20822951463333084        72.378221523768161     
          27          72  -4.0791657922962372        66.518326257129900     
          27          77  -2.6230494645799354        55.066818382781719     
          27          82 -0.48534515882408868        37.908725270795316     
          27          87  0.54151278526980207        30.004138863704497     
          27          92   5.2221415051470998        19.016767369208203     
          27          97   3.3638950165638697        14.348959648809577     
          27         102  0.17557368568323972        1.3352855615466126     
          27         107  -1.6063069080680208      -0.38260298745296462     
          27         112   2.5342084328746703        1.1472232130498787     
          27         117   1.2485304606735503       -1.5582261432287581     
          27         122   3.0724226985901848       0.43636277106665711     

          32           2  -7.4557607160116959        598.93817908815367     
          32           7  -65.963454388237778        582.33108232663824     
          32          12  -139.08130359275492        565.48180259574838     
          32          17  -261.72233439557431        496.07395918463089     
          32          22  -290.53271957226434        304.43262626331170     
          32          27  -166.52862915304922        211.51891107211122     
          32          32  -97.278085305502827        185.25178347087149     
          32          37  -62.273915998637221        170.46373781534021     
          32          42  -32.005964527187871        148.06316448510688     
          32          47  -16.456262042066783        132.55737768656945     
          32          52  -6.1773403712938943        119.80191729113631     
          32          57  0.77968016085128511        105.53971600598754     
          32          62 -0.67901049133115521        87.154863504733498     
          32          67   1.6728690255852143        70.935400754576676     
          32          72  0.78824984292623412        61.750893672733184     
          32          77   3.9950144094138409        51.517348898516843     
          32          82   5.6534892118644109        40.998268825924981     
          32          87   1.9205588324974201        26.756303520064833     
          32          92   2.8175846917105218        18.582829560094517     
          32          97  -3.7622827125353213        8.3292611647819541     
          32         102  -1.6932328536118844       -1.6091060954243921     
          32         107  -3.6903178980219402       -3.7955780464589202     
          32         112  -1.8484750574756659      -0.70613544989100685     
          32         117  -2.1433537921104575       -1.0512103065371641     
          32         122 -0.33303530653228264      -0.11632158689074756     

          37           2  -6.7265107596858513        552.15235577342673     
          37           7  -44.898320628518832        530.77442880151375     
          37          12  -88.459217460054333        494.68096569708086     
          37          17  -125.73559967416713        427.55058359926124     
          37          22  -131.88974468669403        349.48599106204711     
          37          27  -103.43256787416658        275.22620682897150     
          37          32  -67.652248626256551        228.28029279744032     
          37          37  -35.059103179326939        197.08869038246621     
          37          42  -21.069012341844427        163.24228794390820     
          37          47  -11.710015863013268        142.15851807359172     
          37          52   3.7224327915289450        130.34835778863294     
          37          57   1.8359255063858200        109.85922847109691     
          37          62   3.0762883751502841        92.691213668156138     
          37          67   6.8023008895344219        77.464408429374544     
          37          72   3.8301101600160905        60.685103065572548     
          37          77   3.3170692474187149        49.265556595857106     
          37          82  -1.1924513259209562        33.794496779487815     
          37          87   3.8046373758538437        22.549332951325411     
          37          92   4.4340946510800059        16.789418018573215     
          37          97  -1.7526909473650534        4.1555412466278394     
          37         102  0.98961749101785501        3.5312822182151429     
          37         107   7.1433314615785264       -1.4181442121445769     
          37         112  -1.3326301788318016        2.8855919408559130     
          37         117 -0.24892320534919610       -1.2546089111408438     
          37         122  0.50124203267259348        2.2008588915940801     

          42           2  -1.5296592953386607        524.89149544669999     
          42           7  -16.818593328652696        507.28851257737529     
          42          12  -41.516543078968425        464.67585310769891     
          42          17  -51.940694829198037        412.89347470317853     
          42          22  -56.249969392430103        352.22627880111304     
          42          27  -41.617141788002300        297.51276409282491     
          42          32  -22.959586971215231        248.74049118634912     
          42          37  -5.8078395011903012        208.14345248089376     
          42          42   4.0028802697133870        177.52578328455911     
          42          47   5.0354082257440496        149.44361786220975     
          42          52   6.6187496829784322        132.61513404591756     
          42          57   8.6407728884676089        110.88888903289842     
          42          62   10.645618047714720        89.790158275928775     
          42          67   8.6665120997821532        71.861106131960810     
          42          72   4.1422212327345846        62.052637880991654     
          42          77   9.5963316836918011        46.574093540428890     
          42          82   9.3655756234211367        37.854844004252499     
          42          87   1.0680723342048992        23.246121283661310     
          42          92 -0.26855642225547172        15.764609643178737     
          42          97   4.1346068493471506        3.3622062609128029     
          42         102 -0.53593483179249279      -0.86752122367678419     
          42         107 -0.30140918326079069        3.5373699408517743     
          42         112   2.7994802977739450        1.0164518930536981     
          42         117  0.65710487881730584        1.7292378962034851     
          42         122  -1.2419090459432323       -4.3140980240870173E-002

          47           2  0.61015345927745557        513.86964952378071     
          47           7  -6.7986629377237477        493.26007677117673     
          47          12  -1.1557394000478780        454.68617454801688     
          47          17  -2.1081287372999213        409.64338610449568     
          47          22  -3.8380642698984957        362.42290192445580     
          47          27   8.4616716736186390        310.31924050640237     
          47          32   10.798775574218780        258.92996183212745     
          47          37   17.085135904099388        222.46023603329513     
          47          42   21.216006250226656        185.39975352989836     
          47          47   24.423939378857767        157.89521306808456     
          47          52   21.140126052511050        129.18312634763060     
          47          57   18.480301261609384        105.21939317455326     
          47          62   16.997153192033011        89.355879599699620     
          47          67   10.732852353293879        72.849890260003576     
          47          72   13.050976429778302        57.313627374385078     
          47          77   4.7262707843348437        47.767957898235153     
          47          82   3.9747367166433207        37.231418063194639     
          47          87   2.8743083762767583        30.697538955998006     
          47          92   1.1751389206646614        17.322837737806346     
          47          97  -1.9511128626401639        8.5995419569788965     
          47         102   3.5879033827139017        1.2502170799570123     
          47         107  -2.4105383585194300       0.75652616771130055     
          47         112  -1.6233167101744108       -1.6514179591498199     
          47         117   1.9299664946203277       0.46408355476223040     
          47         122   1.8907238531240553      -0.72148464928497191     

          52           2   3.1599411519313207        520.34101061566435     
          52           7   16.143707195802790        501.19814616256235     
          52          12   30.016077260265320        463.41357237217380     
          52          17   36.150908022937074        417.67064939829424     
          52          22   43.137549810270684        369.80308968374902     
          52          27   41.985535246572908        318.05751834534476     
          52          32   41.273305855519993        263.78339891554378     
          52          37   41.132144447509745        220.80169923633548     
          52          42   35.539561167932789        184.32365579945576     
          52          47   38.406706136761159        152.61324448546998     
          52          52   29.918969297270905        125.07249470713941     
          52          57   27.647635015091851        104.02817760775622     
          52          62   24.137996459342730        87.511591316337103     
          52          67   19.135237036585409        72.557242892191596     
          52          72   11.300489054004572        57.282227473369062     
          52          77   11.036089539498079        39.504896199321422     
          52          82   2.0756617227350773        31.433720824806514     
          52          87   2.5116822864200188        24.020610334820638     
          52          92   1.0084623753004394        13.651696276902840     
          52          97  0.71943553707557117        7.2834286657499470E-002
          52         102   7.7612038144758477E-002 -0.14482099833744999     
          52         107  -1.4971866727531182        3.0920794130969758     
          52         112  0.92352644668317274       -8.0022245994820107E-002
          52         117  0.36024287662131033       0.72490387545240942     
          52         122  -0.0000000000000000        0.0000000000000000     

          57           2   6.0556697634631291        540.52767830324774     
          57           7   33.426595583248854        519.45303282404461     
          57          12   54.020177392594633        475.88531442102430     
          57          17   74.028383371463406        421.49206921046198     
          57          22   85.403157494865809        375.68940539869345     
          57          27   86.815008586548174        311.48724909462999     
          57          32   76.760888099015574        253.44395024166170     
          57          37   64.422179214514017        213.39167964275975     
          57          42   54.826215184533339        177.95996153684996     
          57          47   46.916738510200048        145.66625561578758     
          57          52   42.564243899565099        119.51775443471138     
          57          57   30.306661932431439        99.386162053459771     
          57          62   30.358179394573312        80.696285356946987     
          57          67   22.776878220394508        64.662653586978479     
          57          72   18.214425495074522        56.591776381232251     
          57          77   16.385418048766098        37.900697316539805     
          57          82   4.2578944826760647        28.305795110246578     
          57          87   4.8773586951995753        15.669080806376307     
          57          92   2.6097925053471993        6.1193682281543822     
          57          97  -1.2055973523352721       0.76783248555806605     
          57         102  0.25822049079914489      -0.57717412569173754     
          57         107  -1.9315041893603497       0.46465795355437112     
          57         112  0.52364472425737252       -1.6008137216317255     
          57         117  0.40224175389139177        0.0000000000000000     
          57         122  -0.0000000000000000        0.0000000000000000     

          62           2   8.0870954820701400        577.68055900573461     
          62           7   52.049478537072446        551.89337463028278     
          62          12   86.021964943225612        506.91060033903796     
          62          17   123.42893663777295        443.17356565389082     
          62          22   135.38990903234298        381.00538753958972     
          62          27   123.53314431690205        304.19635113947515     
          62          32   111.36544776586970        244.09560347368824     
          62          37   94.082961812435315        201.38824841862061     
          62          42   73.982523794243889        168.01308344722975     
          62          47   59.878120208677046        133.41283927969039     
          62          52   51.482057188436329        112.55641350329051     
          62          57   37.805926035962557        93.213952679403178     
          62          62   31.100602309259330        72.230920978207337     
          62          67   22.281096319905600        61.995560538337827     
          62          72   17.947795526437574        52.267444035151897     
          62          77   14.646592897040051        37.694269336084801     
          62          82   6.6092995900843903        25.965712958903936     
          62          87   8.5640029517190825        13.754754103774530     
          62          92   5.6329324603037545        12.691781203017339     
          62          97  -1.4381973089691846       -1.0636494424177485     
          62         102   4.2422061121502153E-002  -2.5140228968509213     
          62         107   4.6728363245666289       -2.2498601918189598     
          62         112   1.4229848020839431        1.4948203254165604     
          62         117  -2.5583602817795796       0.84744704070253885     
          62         122  -0.0000000000000000        0.0000000000000000     

          67           2   13.469580910719714        626.08020667987216     
          67           7   71.313901819408784        606.88301169401154     
          67          12   132.35690189595425        555.18383141310187     
          67          17   189.96654534221625        470.21666348035797     
          67          22   205.01631960463737        378.91735210599518     
          67          27   183.24862999404195        281.60690143904640     
          67          32   144.31215709315165        221.16447386950495     
          67          37   113.79983831923528        174.60010979795220     
          67          42   86.931439631059447        140.37574387258860     
          67          47   70.430683588839429        119.60044044541132     
          67          52   50.476991767577829        101.48594476605444     
          67          57   42.851148956754059        75.267524805627545     
          67          62   31.794493178539767        63.145579323850768     
          67          67   21.693061279936444        55.975408953917622     
          67          72   18.012607435140637        42.502008706645796     
          67          77   14.115663349030484        34.642119089536635     
          67          82   6.2617722293465050        24.364795001040605     
          67          87  -1.1183057037610311        14.666411515478503     
          67          92   4.6633132994822049        2.6411887176801434     
          67          97  -2.5496294213549122      -0.27793396453935837     
          67         102  -2.2357852702214265        2.9873169404716045     
          67         107  0.70877995876029631       -1.5302136187597564     
          67         112   1.3831116706646767        2.1143864303369173     
          67         117  -0.0000000000000000        0.0000000000000000     
          67         122  -0.0000000000000000        0.0000000000000000     

          72           2   14.315586471498250        692.74780526794757     
          72           7   87.274321576971602        672.64525676458084     
          72          12   181.68469438860939        635.33129423528726     
          72          17   302.30287443881753        535.07404951271064     
          72          22   326.96172686813497        353.01626463231059     
          72          27   238.39366407922353        225.40983304362544     
          72          32   172.32090794621195        175.05278748294813     
          72          37   125.61402779000650        144.08461140316194     
          72          42   97.667022807696640        116.16887285389316     
          72          47   76.504625975057934        102.71640240895999     
          72          52   59.826183178061569        85.511969664736625     
          72          57   44.408892137645921        69.470941783098965     
          72          62   34.556499735873615        56.840924277999704     
          72          67   25.916449450036282        46.847824355339469     
          72          72   18.776018620946047        33.856290540605414     
          72          77   11.991739884203511        23.603410873654568     
          72          82   4.0293260899621188        14.232483635508409     
          72          87   4.1119674064738039        11.664057689015767     
          72          92   4.5215020356177380        1.2962499386567168     
          72          97  -2.9142427840389913       0.49580682340824661     
          72         102  -3.8418518921315954        1.3595597963484924     
          72         107  -3.0355112959989130        1.1541771955019473     
          72         112  0.62724553101554326       0.26730522306455601     
          72         117  -0.0000000000000000        0.0000000000000000     
          72         122  -0.0000000000000000        0.0000000000000000     

          77           2   16.117832051583306       -230.87651729738121     
          77           7   97.554822074554636       -238.43720114661380     
          77          12   180.55762329705544       -248.21206768655702     
          77          17   340.63973905441981       -219.20964254965111     
          77          22   403.65407542871139        78.151284181275969     
          77          27   243.34497654748270        126.63863102022469     
          77          32   172.65442841730078        115.77636677450550     
          77          37   129.09663659749572        105.15715975074409     
          77          42   97.171427494402110        96.231562396416393     
          77          47   75.099933763088984        80.097494560313066     
          77          52   60.520515562735795        69.517898454712963     
          77          57   43.387846001046967        60.921939975003113     
          77          62   31.612695014390567        47.413862870910293     
          77          67   26.480386632139727        31.884776780247876     
          77          72   16.518431923581730        32.758379748115019     
          77          77   12.115913338883871        15.572933528992735     
          77          82   5.2655537154522882        16.000672670939647     
          77          87  -3.4248765775843211        7.0280584718479719     
          77          92  -2.2553661241684546       -1.6623871892093736     
          77          97   2.5036479812757846      -0.97526355999941283     
          77         102  -2.6784607323623808       -1.8192132930546552     
          77         107   1.1801645636320894        1.2107445158984542     
          77         112   1.9821172939700431        1.3838344477874107     
          77         117  -0.0000000000000000        0.0000000000000000     
          77         122  -0.0000000000000000        0.0000000000000000     

          82           2   14.388998341175451       -159.98329589235732     
          82           7   71.549698686988677       -164.43646334694313     
          82          12   152.36846256364549       -152.66950016249268     
          82          17   222.52594883139841       -99.236717820674585     
          82          22   236.21997881647621       -14.360739668821452     
          82          27   196.84792553246280        49.068450775956308     
          82          32   148.66822398343925        75.860299972931443     
          82          37   114.91303399097001        72.777754710192198     
          82          42   91.217570355237967        70.618144669888352     
          82          47   74.665475086052197        65.507274819387590     
          82          52   52.712684928796307        53.618463959637211     
          82          57   44.084688088087148        46.527205387531296     
          82          62   30.121600759428219        34.560962803427003     
          82          67   20.494110629878378        31.981460580329497     
          82          72   16.753828650358642        17.488541743589977     
          82          77   8.5099992075517505        16.048207514523227     
          82          82   10.506389068767987        9.7248954525105038     
          82          87   1.9835079925945358       -2.6306680932551476     
          82          92   1.3731898771341902      -0.86492744620889628     
          82          97  -1.0669704293038715        2.3162541137277453     
          82         102  -2.4593247819139652        2.1011905055623021     
          82         107   2.5617889919290744       -1.9776571888572181     
          82         112   1.4298335370322934       0.50353834439215350     
          82         117  -0.0000000000000000        0.0000000000000000     
          82         122  -0.0000000000000000        0.0000000000000000     

          87           2   9.9983223762396278       -105.56352219107480     
          87           7   59.688981862944729       -110.53918011479811     
          87          12   107.76402139908930       -92.348478702347393     
          87          17   136.99320318386117       -61.526902682104378     
          87          22   157.34676090577943       -16.997042207570416     
          87          27   143.69972488185056        16.692593037276310     
          87          32   118.92105964374935        36.024042803158977     
          87          37   96.273634752089151        44.144506128632997     
          87          42   77.169095739832642        45.819352395703277     
          87          47   61.751875406500062        45.896734316857760     
          87          52   44.290391872096791        38.682214953866207     
          87          57   39.238837924208497        38.872535271594785     
          87          62   30.400515944981549        30.854932719543882     
          87          67   24.314948663609186        22.861072456227262     
          87          72   13.765700710790014        12.780786620457896     
          87          77   6.7084274839442823        6.9900935096750736     
          87          82 -0.61774647166435326        4.0303190007877507     
          87          87   1.5483730403492155      -0.32260285230721841     
          87          92   4.1099125069545410       -1.5179233297088590     
          87          97   1.4573436583163661       -1.4908712069613066     
          87         102 -0.92415759334710545        1.5617808383726965     
          87         107  -3.0172975541635831        1.0049540979253830     
          87         112  0.53723074658725867       0.56682387322120653     
          87         117  -0.0000000000000000        0.0000000000000000     
          87         122  -0.0000000000000000        0.0000000000000000     

          92           2   6.1888226009334097       -67.489443308955387     
          92           7   36.978186684310913       -66.479211352125333     
          92          12   71.958038668746553       -59.279009283241237     
          92          17   99.057387805044186       -38.923647888536152     
          92          22   103.02575547181766       -20.198492527889584     
          92          27   105.32646581267284        3.9352322781973044     
          92          32   94.998185521094911        26.224125171453807     
          92          37   78.985853581380866        29.277403094857675     
          92          42   62.620999175606528        32.361438709988022     
          92          47   50.409198410432396        28.471275111046054     
          92          52   40.121712961225171        29.421658829781677     
          92          57   29.403067802290877        28.205528280603090     
          92          62   20.272465895118472        21.223206454687158     
          92          67   13.532495614237824        18.078846974985460     
          92          72   7.2353696731317196        14.478353028412949     
          92          77   3.7202635889926521        6.5574805999276311     
          92          82   4.2601324553441255       -1.7371659867875668     
          92          87  0.99856705239289623       -1.4457641107349342     
          92          92  -3.0934467203425564      -0.73439921841664801     
          92          97 -0.72418958644936837        2.9257120463271358     
          92         102  -3.1805420885531674        5.7761874802746416E-003
          92         107  -1.4609979071519605        1.5020489949885676     
          92         112  0.24171149534437197      -0.86904214168234906     
          92         117 -0.44148111226808223        3.8642400625400066     
          92         122  -0.0000000000000000        0.0000000000000000     

          97           2   1.2970313105981468       -32.816492042448068     
          97           7   31.153287435607950       -37.223008993513929     
          97          12   44.641309356161798       -34.201163596836437     
          97          17   64.642895956573682       -29.749970416829456     
          97          22   74.315844531795904       -9.3052548950399796     
          97          27   72.270633668057542       -2.2514041429434997     
          97          32   67.802965791343865        10.369079213854434     
          97          37   56.102978582800063        16.535734264971666     
          97          42   50.032223158494503        21.534962392274252     
          97          47   39.120060906548133        22.030565150930869     
          97          52   29.803376668382498        20.044959609299156     
          97          57   22.243287701935301        19.493380978858596     
          97          62   16.784946413210982        10.879783326160705     
          97          67   13.782325572741271        11.069097947801719     
          97          72   3.5248483709104885        4.9587810992058543     
          97          77  0.42405380421514971        2.8049821230129091     
          97          82 -0.71506036225517100        5.9814263442958744     
          97          87  0.89665825589968473        1.3975290851104454     
          97          92   2.9616021159650918       -1.6743648502232025     
          97          97 -0.77792106918348003        3.6912408408033315     
          97         102  -1.7213286525394684        1.2059791945827927     
          97         107 -0.90013739318011987        1.6302284078327800     
          97         112  -0.0000000000000000        0.0000000000000000     
          97         117  0.68611162067518550        0.0000000000000000     
          97         122  -0.0000000000000000        0.0000000000000000     

         102           2   3.7850804750451577       -18.316572828736607     
         102           7   18.704744207030359       -24.011929323026116     
         102          12   30.735198636749359       -21.200511982234616     
         102          17   42.510104672196661       -14.041639628167076     
         102          22   50.458095032152499       -7.6823755741254445     
         102          27   45.914868981547841      -0.94682664835360697     
         102          32   50.830315879164232        9.5969188574815689     
         102          37   38.093823143534564        12.030919149031519     
         102          42   36.067761401466001        17.396505467171608     
         102          47   31.381198559069233        15.980936238582302     
         102          52   22.516818723142265        10.181563899699825     
         102          57   11.678468829457039        13.799562123667805     
         102          62   7.2994746372272523        4.8612244257569692     
         102          67   6.7667846973152663        11.157876088331388     
         102          72   1.1000011883952179        2.2561927710398675     
         102          77  0.68292175828855517        3.6509209800569709E-002
         102          82  -4.2078491248889325        1.7490516219052423     
         102          87  -1.4720430305074346       -1.3034863444738727     
         102          92  -3.6724234285773816E-002  -2.5962282616707038     
         102          97   2.1819300103045460       -2.4140738770262100     
         102         102 -0.64718236043964694      -0.61632723476862039     
         102         107  -1.1245962439265691       -1.8164640557321934     
         102         112  -0.0000000000000000        0.0000000000000000     
         102         117  -0.0000000000000000        0.0000000000000000     
         102         122  -0.0000000000000000        0.0000000000000000     

         107           2   3.0998135729146035       -3.7350955312599470     
         107           7   11.197826321453665       -9.6902292909964309     
         107          12   21.383617626720365       -10.920991946498219     
         107          17   29.312873330275401       -10.755286726972017     
         107          22   28.846869286468078        1.8137472868239541     
         107          27   34.423789627098401        2.8826477678544080     
         107          32   30.694013756212698        2.8401105642858369     
         107          37   27.223857763336781        5.1728017744835171     
         107          42   24.919125388321142        11.691899874499242     
         107          47   15.353056971440317        12.132263189093685     
         107          52   13.578119768189399        5.5724674007837791     
         107          57   11.878578322056551        6.3263456741682607     
         107          62   3.4250584633047154        4.3038597147252409     
         107          67   2.4008797348181958       -4.5897009273623608     
         107          72  -3.9638860683749515      -0.90181301350014298     
         107          77  0.28344176834422141      -0.61614960511477124     
         107          82   1.0679216409905823      -0.57301365141928451     
         107          87  0.49592307603918129        2.3681958952984878     
         107          92  -2.1587966621389487       -2.2798254008954597     
         107          97  0.55775553572836101       -1.5984794504716229     
         107         102  -1.7122045699637374        1.5535604595415808     
         107         107 -0.93019456495994646       0.51884225438944098     
         107         112  -0.0000000000000000        0.0000000000000000     
         107         117  -0.0000000000000000        0.0000000000000000     
         107         122  -0.0000000000000000        0.0000000000000000     

         112           2   3.1678922979907296        3.2344904024106165     
         112           7   5.4249082539628208       -3.0905938597523828     
         112          12   7.9544087082115897       -2.4727827815738639     
         112          17   17.967150813223302       -5.3353556869854017     
         112          22   17.702161778183623       -1.3332530014389050     
         112          27   20.542955793862568       0.86251397569203192     
         112          32   16.453659342188217        5.9140371285898397     
         112          37   18.264251426950548        10.269359300671535     
         112          42   10.883006528088064        1.4197300355728899     
         112          47   9.7193185001818136        2.7378579539576080     
         112          52  0.65583213027146980        2.6051969517277636     
         112          57   1.1815382373194789        5.9714156269201402E-002
         112          62   1.8256416325905924       -1.2232104070856684     
         112          67 -0.99639542061329789       -1.4187046128926184E-003
         112          72  -2.3782166835530343       -1.0022070262896556     
         112          77  -2.2066731398638773       -5.0947745420055348     
         112          82   5.5016317669512844       0.24067370249844910     
         112          87  -1.7390978500469889       0.79744047751065006     
         112          92  0.96202578659632432       0.79274856576596453     
         112          97  0.17902323106510182        1.5098730268495699     
         112         102   1.5516380095705016        6.0630974250675873E-002
         112         107  0.49354802006068194      -0.76380094213861927     
         112         112  -0.0000000000000000        0.0000000000000000     
         112         117  -0.0000000000000000        0.0000000000000000     
         112         122  -0.0000000000000000        0.0000000000000000     

         117           2  0.70493464820282337      -0.36379480659349578     
         117           7  -3.3874379843679612       0.61118199102380799     
         117          12   2.0828747166965820        3.4079174844373914     
         117          17   3.1979249403890280      -0.73270077086699548     
         117          22   6.7557744909317829       -1.1960162750944061     
         117          27   7.0016246013219776      -0.26361866761752939     
         117          32   8.4847968053566056       -3.1682624631681433     
         117          37   6.1129148749269833        2.7314166306807137     
         117          42   7.1232156949277545       0.58033165880599080     
         117          47   1.4668084988985193       0.19210153624578563     
         117          52  -2.8430844983785852       -1.5424204757002675     
         117          57  -4.2737914442476743        1.6777889795157710     
         117          62  -1.0872150149460469        1.6174456879323817     
         117          67  -2.1259395521281439      -0.50172737834465408     
         117          72  -3.2067863674695767       0.89785986821704689     
         117          77   2.6275676250843589       -1.9604158815268129     
         117          82   1.0105076890151041       -2.2965668750435420     
         117          87  -2.4171852274761294      -0.54276949589325729     
         117          92   1.1250251925644239      -0.76406838458011528     
         117          97  -2.7602067803608437       -3.3914994635883358     
         117         102  -1.0928642612172739      -0.81630817024395697     
         117         107  -0.0000000000000000        0.0000000000000000     
         117         112  -0.0000000000000000        0.0000000000000000     
         117         117  -0.0000000000000000        0.0000000000000000     
         117         122  -0.0000000000000000        0.0000000000000000     

         122           2  -1.7037805949406519       -1.4634847526135419E-002
         122           7 -0.53247808319164402        3.7759378439337477     
         122          12   2.7231765285464640       -1.9925039077764426     
         122          17  -1.3313402906889995        1.6953166331258573     
         122          22   1.5632080441812435       -2.1890739212425565     
         122          27  -1.5331855023397034        2.7331771013118598     
         122          32   2.0982402890325673        1.2259789615201748     
         122          37   2.1187847768055570      -0.61915722923148975     
         122          42  0.40808460180380313       -1.6436456108672866     
         122          47  0.44247679103900994        1.1955157256786055     
         122          52  0.49892533890971180        1.0266889452494552     
         122          57   1.0416718411145105       0.30277836310532114     
         122          62  -2.2621090740313314       -1.0543884120846305     
         122          67 -0.87815493854213122       -3.0886987539099970     
         122          72  -2.2790436152777733      -0.50721908303639873     
         122          77  0.87002838852796960       0.59402348689120488     
         122          82  -1.7965040300573158        2.1218283794264976     
         122          87  -2.9602883545946646E-002  -2.4126966722648078     
         122          92  -1.1074851748174122       -4.4415321530519982     
         122          97 -0.13392950013907823        1.6407561683798955     
         122         102  0.42919993199183043       -4.7031312416656174E-002
         122         107  -0.0000000000000000        0.0000000000000000     
         122         112  -0.0000000000000000        0.0000000000000000     
         122         117  -0.0000000000000000        0.0000000000000000     
         122         122  -0.0000000000000000        0.0000000000000000     

